51.0 50.0 48.0 1 3631 0.000514626152853 0 0 683 0.000352926741507 0 0 -596 0.000229882635336 0 0 406 0.00035555292183 0 0 1 3780 0.00978239724314 0 0 -1046 0.00519477005702 0 0 799 0.00631620501349 0 0 -895 0.00492452902779 0 0
48.0 47.0 49.0 2391 3752 13.9259364715 0 48 462 0.626717839209 0 0 -776 8.92629257916 0 0 234 8.27184820815 0 0 222 4066 20.9154482673 0 0 -1042 12.645902123 0 1 651 25.5867169538 0 0 -1040 1.35468376405 0 0
50.0 48.0 50.0 4765 3830 27.8221565193 0 51 463 1.30915571087 0 0 -843 18.1464412704 0 0 329 5.32496797375 0 0 146 3921 13.4038422189 0 0 -964 7.56651211319 0 0 516 15.8436538733 0 0 -942 9.77289279687 0 0
50.0 48.0 50.0 92 3861 27.5812 0 9 489 13.527825915 0 0 -906 25.648095307 0 0 358 13.9876112875 0 0 83 3965 8.99498215579 0 0 -1127 4.7984207063 0 0 600 9.6862725501 0 0 -939 4.73594850332 -1 1
46.0 47.0 49.0 70 4016 27.4697656096 0 33 388 24.3989806552 0 0 -1039 29.1620468575 0 0 441 1.51713225285 0 0 4 4200 0.414474722391 0 0 -921 0.0405028348415 0 0 485 0.437923363411 0 0 -961 0.350283895926 0 0
48.0 49.0 50.0 94 4142 27.5874623798 0 49 397 12.4691482819 0 0 -1134 27.4806085754 0 0 386 7.31616100618 0 0 63 4203 5.07151521544 0 0 -1093 2.62891538512 -1 0 240 5.16354825683 0 0 -1011 1.5543525178 0 0
48.0 47.0 49.0 80 4172 21.4661168878 0 3 566 9.35673514965 0 0 -1147 20.2048979056 0 0 366 10.6283437215 0 0 206 4442 23.899246659 0 0 -1030 11.7110913339 0 1 380 24.5412065042 0 0 -995 11.9731825687 0 0
50.0 48.0 49.0 4344 4293 25.8140061675 0 0 493 5.98523490782 0 0 -1199 9.84243535136 0 0 407 3.86902436125 0 0 25 4403 2.49418052448 0 0 -936 2.03213785358 0 0 216 4.52929490001 0 0 -1052 3.01439116351 0 0
50.0 62.0 51.0 96 7387 27.6285474391 0 16 414 6.48353333452 0 0 -1248 12.3590208522 0 0 408 5.43756407628 0 0 220 4386 20.7091215583 0 0 -940 14.9375220653 0 0 221 36.3109203624 0 0 -1076 10.6295486263 0 0
48.0 48.0 50.0 4754 4388 27.8522850533 0 50 403 17.2977818071 0 0 -1291 34.4827096011 0 0 334 8.89832915304 0 0 122 4567 12.2814118982 0 0 -1102 5.06670914449 0 0 93 10.1045713927 0 0 -1003 4.40691140871 0 0
48.0 47.0 49.0 4468 4439 26.3544453255 0 43 396 2.07448853862 0 0 -1335 2.55415624098 0 0 341 0.548445413168 0 0 5 4604 0.585230110596 0 0 -974 0.47598614025 0 0 29 5.54127626545 0 0 -1074 5.14838911284 0 0
48.0 49.0 50.0 75 4496 27.5191364082 0 57 344 12.8370653429 0 0 -1391 26.9345672322 0 0 362 15.8286782207 0 0 55 4464 6.17672625502 0 0 -1104 3.23188099673 0 0 85 6.65659109992 0 0 -1124 2.38675953058 0 0
47.0 48.0 52.0 98 4608 22.6530533616 0 1 365 10.9675900326 0 0 -1406 21.777006523 0 1 597 11.5123697884 0 0 271 4681 25.4627084079 0 0 -1015 13.3135048964 0 0 -37 26.7709254097 0 0 -1142 13.7146803776 0 0
51.0 50.0 48.0 120 4575 27.6461771414 0 46 501 12.9899032636 0 0 -1460 27.2925680945 0 0 407 6.8163514338 0 0 135 4512 14.1081976263 0 0 -1086 7.05692757049 0 0 -60 14.5484932261 0 0 -1028 7.42425163498 -1 0
50.0 49.0 48.0 4153 4905 24.5496096716 0 0 522 6.95755599886 0 0 -1424 9.91721552662 0 0 463 0.967973778778 0 0 0 4824 0.00108211595289 0 0 -937 0.000529186082406 0 0 -4 0.000749285836937 0 0 -1035 0.000529193861351 0 0
48.0 49.0 50.0 1 4921 0.000515542684347 0 0 477 0.000356854605446 0 0 -1410 0.0002307645711 0 0 467 0.00035687732342 0 0 1 4840 0.0105531404587 0 0 -939 0.00548716446489 0 0 -5 0.00705851212447 0 0 -1027 0.00468155661758 0 0
50.0 49.0 51.0 59 4779 15.7436448264 0 0 298 7.53762240439 0 0 -1541 18.1550931444 0 0 456 10.8678182778 0 0 264 4736 23.5208597833 0 0 -1094 11.2089244415 0 0 -214 23.2353989681 0 0 -1109 11.4985293302 0 1
46.0 47.0 49.0 4761 4996 27.8522993028 0 44 292 23.6171327292 0 0 -1747 36.216864952 0 0 524 0.00517656257372 0 0 0 5040 0.000750054691488 0 0 -944 0.000353154107624 0 0 -165 0.000500633614418 0 0 -1071 0.00034304826975 0 0
50.0 48.0 50.0 1 5324 5.72037754492e-05 0 0 488 4.13703653407e-05 0 0 -1600 2.59573166537e-05 0 0 533 4.13703586552e-05 0 0 1 5076 0.0110189388011 0 0 -981 0.00565366862729 0 0 -212 0.00753887231035 0 0 -1141 0.00566133704859 0 0
48.0 48.0 50.0 67 5103 19.8582911581 0 0 335 9.36197149327 0 0 -1813 20.3377820108 0 0 467 10.1149246002 0 0 250 5065 21.4718412606 0 1 -950 11.1154444031 0 1 -338 23.0756410562 0 0 -1125 11.8222124135 0 0
50.0 48.0 50.0 1 5305 0.0264601969481 0 0 363 3.24526417181 0 0 -1696 0.174677819857 0 0 390 1.79076500382 0 0 125 5077 9.93778256048 0 1 -1010 5.02184649033 0 0 -302 10.9088713539 0 0 -1247 7.42845553381 0 0
50.0 48.0 50.0 4723 5188 27.481882613 0 25 290 13.0896620622 0 0 -1875 26.6870342793 0 0 348 13.5952080706 0 0 329 5063 27.5412690162 0 0 -1051 14.4717155331 0 0 -419 28.77407037 0 0 -1140 4.78198781417 0 1
50.0 48.0 50.0 64 5436 15.9779185747 0 0 280 1.62575348385 0 0 -2005 67.9889271873 0 0 341 33.1935111764 0 0 173 5187 11.9109789591 0 0 -995 0.891677540847 0 0 -560 3.31123201029 0 0 -1278 0.998638600901 0 0
50.0 48.0 50.0 59 5404 18.8954181662 0 0 310 1.62975160242 0 0 -2037 70.5922125537 0 0 353 65.3528798485 0 0 453 5200 36.1441665126 0 0 -999 2.78986069639 0 0 -573 9.90784737221 0 0 -1242 6.67621471929 0 0
50.0 38.0 31.0 42 5485 13.8724946338 0 0 270 1.69980834068 0 0 -2105 62.8590604027 0 0 5178 66.5604178882 0 0 596 5222 71.1985586727 0 0 -1070 6.60030679614 0 0 -556 20.55831979 0 0 -1272 6.83187138898 0 0
48.0 49.0 50.0 4078 5448 24.0602333149 0 6 203 12.398236074 0 0 -2053 23.6730148533 0 0 349 12.8743877354 0 0 476 5300 43.6599922608 0 0 -1093 29.5016393079 0 0 -565 43.4725340638 0 0 -1257 14.1580284523 0 0
48.0 49.0 50.0 4270 5464 25.2376790613 0 0 238 12.2899232537 0 0 -2075 25.2511172731 0 0 449 13.0466649216 0 0 255 5196 25.6983340988 0 0 -1044 12.7280480713 0 0 -627 24.830944198 0 0 -1231 14.0542148614 0 0
50.0 48.0 50.0 97 5491 27.5947362181 0 55 205 13.5410190053 0 0 -2128 28.7931111719 0 0 356 15.0090957499 0 0 86 5240 8.40309677419 0 0 -1124 4.35846999399 0 0 -662 6.8838850413 0 0 -1257 2.94454371287 0 0
50.0 48.0 50.0 97 5544 27.6268337844 0 47 227 4.97064267473 0 0 -2153 32.6832584563 0 0 369 27.7665269575 0 0 89 5341 7.5353183336 0 0 -1087 1.98374328255 0 0 -608 6.61650850003 0 0 -1321 3.82783083545 0 0
47.0 48.0 50.0 4748 5585 27.852268951 0 54 178 13.6538763636 0 0 -2180 26.9984494201 0 0 452 5.9246219671 0 0 145 5404 13.6628140194 0 0 -1030 7.29276547416 0 0 -615 14.4524865398 0 0 -1251 7.32697503842 0 1
47.0 48.0 49.0 4688 5652 27.8528709014 0 23 157 24.3175968563 0 0 -2104 27.5071682049 0 0 402 7.43846855059 0 0 7 5492 0.835187296097 0 0 -954 0.0479564544132 0 0 -644 0.639216676363 0 0 -1198 0.645955170989 0 0
50.0 48.0 50.0 97 5658 27.595390525 0 11 118 13.120881025 0 0 -2146 27.3666326594 0 0 273 15.0660265491 0 0 346 5400 30.7262809674 0 0 -1120 15.5694512439 0 0 -751 30.4095828342 0 0 -1233 14.9018667666 0 0
50.0 48.0 50.0 77 5676 27.5267481108 0 60 93 13.6398467433 0 0 -2133 26.6879970004 0 0 236 6.78178861789 0 0 117 5456 9.04560688493 0 0 -1051 4.53826692861 0 0 -691 9.14248018471 0 0 -1340 4.69000932809 0 0
48.0 48.0 50.0 4703 5737 27.8522286016 0 24 37 27.5321272899 0 2 -2080 28.2944706773 0 0 354 0.807405366237 0 0 7 5540 0.712229036738 0 0 -944 0.653182882691 0 0 -748 0.757745352788 0 0 -1261 0.0421241572044 0 0
50.0 48.0 50.0 4730 5762 27.8522881163 0 27 14 13.1990459077 0 0 -2108 27.5123268505 0 0 301 14.281610095 0 0 154 5479 14.9460334809 0 0 -927 7.36626681323 0 0 -827 14.9057836244 0 0 -1317 6.34992291239 0 0
50.0 48.0 50.0 254 5774 27.7637170546 0 54 -51 13.5344977165 0 0 -2071 26.4738045612 0 0 223 14.4825170503 0 0 199 5575 20.6766176014 0 0 -1081 10.9344951025 0 0 -788 21.7758944151 0 0 -1337 5.35998002584 0 0
48.0 48.0 50.0 128 5834 27.6590239344 0 25 -94 0.205931977622 0 0 -2091 4.27232746571 0 0 229 4.39347785344 0 0 40 5637 3.35072689151 0 0 -962 2.66697105089 0 0 -907 6.1877365923 0 0 -1283 3.51829198268 0 0
48.0 49.0 50.0 99 5902 27.5946391657 0 24 -204 13.3301725658 0 0 -2047 27.7687995361 0 0 15 7.14891858233 0 0 56 5602 5.88811911902 0 0 -1132 2.98268554109 0 0 -914 5.94000734176 0 0 -1418 2.88355539738 -1 0
50.0 48.0 49.0 96 5951 27.5928028942 0 39 -193 13.1449258546 0 0 -2075 27.9842173609 0 0 -29 6.94192974902 0 0 55 5683 5.77872289136 0 0 -1008 2.85608198063 0 0 -901 5.70625616736 0 0 -1349 2.87688664024 0 0
48.0 50.0 48.0 4048 6037 23.7831900163 0 5 -316 11.5240122428 0 0 -2059 23.0005616741 0 0 30 11.4558455687 0 0 80 5642 9.34564877842 0 0 -1131 5.02743331101 0 0 -977 9.49720144866 0 0 -1334 4.59182951938 0 0
48.0 47.0 49.0 3915 6093 23.0108439823 0 20 -324 4.24482300965 0 0 -2024 21.3572337394 0 0 23 1.83188417877 0 0 23 5839 2.54243236743 0 1 -953 2.20666060833 0 1 -932 4.35667420673 0 0 -1383 2.31407659574 0 0
50.0 48.0 50.0 78 6100 21.807819872 0 0 -334 5.92430933261 0 0 -2008 8.20104938786 0 0 -13 2.42916714641 0 0 253 5800 21.7225629278 0 0 -891 17.9920446166 0 0 -1048 37.0377380914 0 0 -1307 18.8441742572 0 0
48.0 47.0 49.0 75 6126 22.1895153314 0 2 -430 11.0945550917 0 0 -2045 23.1768633482 0 0 65 5.67553894678 0 0 99 5769 8.06977513451 0 0 -952 4.08169015522 0 0 -984 7.99674261072 0 0 -1450 4.32017214632 -1 0
48.0 49.0 50.0 97 6153 24.0034649892 0 2 -450 10.6083911313 0 0 -2033 23.0193754844 0 0 -109 6.23575126378 0 0 161 5824 13.5232213645 0 0 -1078 6.77172170895 0 0 -1077 13.1895270939 0 0 -1373 6.49641339075 0 0
50.0 48.0 48.0 3815 6194 22.5454442523 0 2 -456 10.5463800673 0 0 -2025 22.0395719149 0 0 -155 13.1221414665 0 0 156 5824 14.688591054 0 0 -818 7.57774349383 0 0 -1098 14.7434595752 0 0 -1474 7.25799146875 0 0
50.0 48.0 49.0 103 6258 27.61047719 0 33 -427 8.40767074626 0 0 -2011 28.2109615407 0 0 -170 5.01068291119 0 0 24 6014 2.63029243314 0 0 -942 0.506169584476 0 0 -1145 2.72906020884 0 0 -1450 2.27980226205 0 0
50.0 48.0 49.0 85 6318 22.936312044 0 3 -566 21.7598903654 0 0 -2016 50.6012641822 0 0 -325 33.3012219343 0 0 246 5935 22.5683279438 0 0 -995 5.19028564131 0 0 -1109 5.76419782448 0 0 -1466 0.441255177351 0 0
48.0 47.0 49.0 35 6339 13.7470675209 0 48 -637 12.9940478223 0 0 -2001 30.8048137364 0 0 -346 17.3821009449 0 0 131 6037 11.5889716971 -1 0 -935 3.09044263631 0 0 -1116 3.68549324468 0 0 -1432 1.14142280419 0 0
48.0 49.0 50.0 70 6310 27.4950384438 0 35 -543 23.9066983285 0 0 -2011 36.0442845281 0 0 -218 12.1257480693 0 0 224 5975 24.1541844707 0 0 -1084 11.5975136595 0 0 -1203 15.9072340559 0 0 -1398 4.36976467001 0 0
48.0 49.0 50.0 4694 6427 27.7766401814 0 31 -670 26.290081034 0 0 -1969 28.5043626599 0 0 -194 0.231442900272 0 0 9 6006 0.93188319139 0 0 -1060 0.892413992291 0 0 -1147 0.946942446043 0 0 -1437 0.00114428750223 0 0
50.0 48.0 50.0 4020 6477 23.4539700894 0 5 -723 6.92138053873 0 0 -1997 25.1937370762 0 0 -406 21.8261223889 0 0 1015 6074 85.2598829662 0 0 -1122 64.0714562345 0 0 -1250 83.6020285175 0 0 -1466 3.96850057266 0 0
51.0 50.0 48.0 1 6754 0.0266585883066 0 0 -686 3.52181019252 0 0 -1803 0.00667139223617 0 0 -309 0.000666940283193 0 0 0 6302 0.000666771621459 0 0 -935 0.000300013125574 0 0 -1209 0.0004704360354 0 0 -1471 0.000315982805269 0 0
48.0 49.0 50.0 1 6772 0.000512541989857 0 0 -785 0.000352917497264 0 0 -1785 0.000228123437592 0 0 -296 0.000352932093659 0 0 1 6293 0.00908887473534 0 0 -991 0.00491523145748 0 0 -1211 0.00664056555483 0 0 -1403 0.00436368595098 0 0
48.0 50.0 51.0 1 6787 0.000516575418054 0 0 -697 0.000357516600315 0 0 -1785 0.000231206967807 0 0 -309 0.000356217196014 0 0 1 6307 0.00978130991747 0 0 -941 0.00492636116385 0 0 -1217 0.006316038791 0 0 -1393 0.00518957490084 0 0
50.0 49.0 48.0 1 6806 0.000515543439417 0 0 -685 0.000356187954076 0 0 -1751 0.000230762906978 0 0 -306 0.000356870192649 0 0 1 6313 0.00880726599445 0 0 -940 0.00480315206854 0 0 -1222 0.00545572339482 0 0 -1402 0.00468375505425 0 0
50.0 48.0 50.0 1 6837 0.00051660271099 0 0 -719 0.000355537120297 0 0 -1834 0.000231207524649 0 0 -318 0.000356877655091 0 0 1 6321 0.009425121161 0 0 -943 0.00492449745119 0 0 -1180 0.00749929694091 0 0 -1397 0.00533262972247 0 0
50.0 48.0 50.0 1 6824 0.000515574650913 0 0 -719 0.000354216910813 0 0 -1787 0.000230760688186 0 0 -323 0.000355559341604 0 0 1 6321 0.0105522968233 0 0 -929 0.00548908615292 0 0 -1201 0.00749882830808 0 0 -1408 0.00505499279269 0 0
50.0 48.0 50.0 1 6831 0.000515574650913 0 0 -728 0.00035686355963 0 0 -1805 0.000230765236756 0 0 -378 0.000354965753662 0 0 1 6348 0.00641084014789 0 0 -936 0.00355372933354 0 0 -1198 0.00442143659844 0 0 -1400 0.00342207864543 0 0
50.0 48.0 50.0 1 6857 0.000515583964753 0 0 -725 0.000356862896342 0 0 -1815 0.000230764460158 0 0 -326 0.000356872016773 0 0 1 6331 0.0109995416858 0 0 -956 0.00564697577977 0 0 -1200 0.00749988281433 0 0 -1398 0.00564722491838 0 0
48.0 49.0 50.0 1 6836 0.000515564078854 0 0 -722 0.000354886036759 0 0 -1787 0.000229445506692 0 0 -316 0.000348455611156 0 0 1 6341 0.00879794714567 0 0 -955 0.004364851578 0 0 -1206 0.006 0 0 -1401 0.00479994000075 0 0
50.0 48.0 50.0 1 6903 0.000512543233701 0 0 -744 0.000353570974769 0 0 -1810 0.000228563374433 0 0 -325 0.000346584786011 0 0 1 6360 0.0109939304342 0 0 -915 0.00505845545859 0 0 -1217 0.00750293083236 0 0 -1411 0.00533451878195 0 0
50.0 48.0 50.0 1 6860 0.000515585223406 0 0 -758 0.000355545350087 0 0 -1820 0.000230765347698 0 0 -393 0.000356889263953 0 0 1 6351 0.00879838696239 0 0 -979 0.00480327222921 0 0 -1214 0.00600450337753 0 0 -1454 0.00457161905556 0 0
50.0 48.0 50.0 65 6691 19.3355087807 0 0 -923 9.99607544151 0 0 -1940 19.9788127124 0 0 -514 10.6851892174 0 0 237 6238 23.1312024745 1 0 -996 12.2324278447 0 0 -1400 24.2225052068 0 0 -1503 12.5256751733 0 0
50.0 48.0 50.0 4660 6725 27.2282316203 0 21 -833 12.8750464487 0 0 -1945 25.9998688738 0 0 -532 13.2448819515 0 0 287 6272 27.032352184 0 0 -1007 14.1605536257 0 1 -1410 28.1014748189 0 0 -1435 13.9363331283 0 0
48.0 50.0 50.0 4159 6761 24.4436780192 0 0 -814 11.8387532374 0 1 -1851 23.9037419661 0 0 -501 9.15320543285 0 0 208 6257 18.4055886583 0 0 -1022 9.58817221094 0 0 -1381 19.2988505747 0 0 -1471 13.8178762231 0 0
50.0 49.0 48.0 4073 6716 23.6111732122 0 41 -891 11.6829448781 0 0 -1910 24.4771137362 0 0 -493 11.9272578296 0 0 332 6272 25.0827391228 0 0 -946 11.8057834367 0 0 -1357 24.2116055226 0 0 -1504 11.9011274935 0 0
50.0 48.0 50.0 4724 6770 27.7564040421 0 32 -962 14.0987506434 0 0 -1956 28.1434398443 0 0 -539 13.7783291977 0 0 79 6291 9.61578168141 0 0 -1004 4.9874687055 0 0 -1407 9.85119624707 0 0 -1625 4.61839558306 0 0
51.0 50.0 51.0 3903 6846 23.107244971 0 0 -929 10.6062027597 0 0 -1924 28.6346511513 0 0 -450 10.0326771302 0 0 193 6286 21.5591901033 0 0 -1085 10.8796880612 0 0 -1448 21.3920814975 0 0 -1551 11.3672642653 1 0
50.0 48.0 50.0 4607 6771 26.9388487489 0 18 -947 13.4065513873 0 0 -1954 26.4010464197 0 0 -572 13.4928039364 0 0 260 6289 26.046780325 0 0 -1085 13.2311892412 0 0 -1465 27.095716041 0 0 -1534 14.0025612674 0 0
50.0 48.0 50.0 105 6781 27.616736035 0 57 -1036 13.3682577756 0 0 -1958 26.6175652278 0 0 -523 13.6974699124 0 0 69 6333 7.21175863847 0 0 -986 3.63214920504 0 0 -1497 7.50541525713 0 0 -1611 3.33640312278 0 0
51.0 50.0 48.0 4751 6807 27.8522904908 0 57 -999 13.4345483412 0 0 -1926 27.1014128915 0 0 -553 12.7176980878 0 0 302 6315 27.863316888 2 1 -1023 14.642951639 0 0 -1507 29.1676082863 0 0 -1581 14.1178170462 0 0
48.0 49.0 50.0 113 6804 27.6468791365 0 52 -952 13.8927697644 0 0 -2009 27.7411690019 0 0 -557 13.3376871327 0 0 274 6332 27.5484483534 0 0 -1095 14.2099554084 0 0 -1513 30.4859100536 0 0 -1512 12.2542088786 0 0
50.0 48.0 50.0 71 6818 23.8762445857 0 3 -992 11.6367878559 0 0 -1938 24.0187752365 0 0 -525 12.6955907258 0 0 251 6347 25.2261567674 0 0 -1008 12.7649726795 0 1 -1416 25.1082700759 0 0 -1605 12.8421424525 0 0
50.0 48.0 48.0 4808 6830 27.8517220216 0 36 -1031 13.6561115275 0 0 -1961 26.9961853275 0 0 -660 13.0430555933 0 0 235 6370 27.1717555057 0 0 -948 14.4256170078 0 0 -1515 27.5607154063 0 0 -1610 14.4101486973 2 0
50.0 48.0 50.0 3903 6982 22.9339622184 0 0 -1063 11.0546498255 0 1 -1890 22.1229004998 0 1 -620 4.50471995752 0 0 32 6387 3.69884629413 0 0 -1067 1.87505381309 0 0 -1454 3.6941668861 0 0 -1633 1.98443596003 0 0
50.0 48.0 50.0 4121 6894 24.3960547833 0 3 -1019 11.5549555838 0 0 -1908 23.20452039 0 0 -608 13.3965034508 0 0 291 6442 29.2694662657 0 0 -1046 14.3102217834 0 1 -1446 27.531475842 0 0 -1606 14.0877586332 0 0
50.0 48.0 49.0 4510 6923 26.6857477634 0 0 -1092 12.7995202644 0 0 -1918 25.6630334073 0 0 -669 4.3714262259 0 0 54 6458 6.2286666539 0 0 -989 3.26206201444 0 0 -1415 6.28331712738 0 0 -1584 3.30367610306 0 1
48.0 49.0 50.0 4761 6955 27.8527702441 0 55 -1115 0.017023463236 0 0 -1906 0.318736986046 0 0 -636 0.305942344515 0 0 18 6485 1.70783702985 0 0 -1016 1.53106344717 0 0 -1574 7.44359273454 0 0 -1480 5.72377610984 0 0
50.0 48.0 48.0 4695 7060 27.6370282657 0 18 -1187 0.73775105551 0 0 -1917 1.05592029489 0 0 -685 0.146373380602 0 0 32 6507 3.11918373254 0 0 -953 2.84090353095 0 0 -1488 11.4536331891 0 0 -1651 3.3551356073 0 0
50.0 48.0 50.0 110 7056 27.6264793209 0 4 -1183 7.02158404144 0 0 -1893 7.9897255214 0 0 -760 0.676208863147 0 0 92 6601 7.06245959043 0 0 -1033 6.8038801238 0 0 -1501 25.3859079112 0 0 -1595 4.0175711381 0 0
50.0 48.0 50.0 4744 7086 27.8275868082 0 17 -1218 7.0232634951 0 0 -1903 7.7374030943 0 0 -696 0.642978939122 0 0 35 6619 3.73067972073 0 0 -1054 3.18191932197 0 0 -1483 13.8031151436 -1 0 -1689 9.91857750488 0 0
50.0 48.0 50.0 4695 7094 27.7432029992 0 17 -1256 10.2861368729 0 0 -1931 18.0775223367 0 0 -787 7.99004238677 0 0 334 6552 26.5445836404 0 0 -1109 14.4627233518 0 0 -1628 28.5448327634 0 0 -1662 14.7121751449 0 0
50.0 48.0 50.0 4492 7111 26.5684188933 0 1 -1289 12.789154395 0 0 -1947 25.6920858037 0 0 -735 12.7777656573 0 0 225 6554 19.3888202307 0 0 -1074 9.46076945452 0 0 -1653 19.7713104499 0 0 -1644 9.23016219861 0 0
48.0 50.0 51.0 91 7134 27.577617146 0 41 -1277 7.92444290288 0 0 -1942 96.7913157147 0 0 -671 55.5178955848 0 0 74 6609 7.25475125881 0 0 -1019 0.54260945955 0 0 -1680 1.94722523046 0 0 -1590 1.17609791217 0 0
50.0 48.0 48.0 1696 7733 9.93788304293 0 11 -1644 0.189963575151 0 0 -1961 1.72886072154 0 0 -1089 3.3455428603 0 0 116 7094 9.41829557509 0 0 -1020 4.45725211423 0 0 -1875 31.0270335168 0 0 -1884 26.9827209931 0 0
48.0 49.0 50.0 77 7691 27.5275703447 0 26 -1663 0.383134773129 0 0 -1978 4.92684527064 0 0 -962 4.20963184605 0 0 90 7056 9.301449925 0 0 -1192 5.11005766787 0 0 -1878 32.0125700818 0 0 -1787 27.4898635812 0 0
51.0 50.0 51.0 4071 7728 23.8571423732 0 3 -1498 11.283596744 0 0 -1948 24.0290734716 0 0 -896 13.3507615811 0 1 268 7035 29.8505825908 -1 0 -1184 14.4727866596 0 0 -1861 29.7104654795 0 0 -1720 4.9939207875 0 0
48.0 47.0 49.0 4061 7759 23.7639330319 0 13 -1798 11.6605944025 0 0 -1996 24.0017841813 0 0 -1124 5.81937773726 0 0 53 7207 4.90119245283 0 0 -1103 2.53232387242 0 0 -1852 4.8565863381 0 0 -1850 2.52741240487 0 0
50.0 48.0 48.0 119 7822 22.316617257 0 1 -1745 10.7212458136 0 0 -1990 21.4084245285 0 0 -1172 5.82796747967 0 0 117 7239 12.1176763471 0 0 -1023 6.02754807807 0 0 -1920 11.9693842326 0 0 -1827 6.13494564408 0 0
50.0 48.0 50.0 92 7861 27.5812 0 43 -1659 13.9988105959 0 0 -1964 26.9680516347 0 0 -1127 14.2492617839 0 0 114 7091 10.1477579151 0 0 -964 5.22620296807 0 0 -1929 10.2334250063 0 0 -1796 5.00469070176 -1 0
47.0 48.0 52.0 83 7837 25.6611175636 0 3 -1664 23.0584657881 0 1 -2022 29.6248238512 0 0 -719 38.6790893888 0 0 83 7185 7.20364212419 0 0 -1185 0.566074921092 0 0 -1855 1.84640957447 0 0 -1841 1.26622900016 0 1
50.0 48.0 50.0 4752 7873 27.8522751968 0 44 -1722 12.864537097 0 0 -1990 27.2432717082 0 0 -1220 4.63204125248 0 0 104 7150 9.17110477851 -1 0 -1127 4.6319352405 0 0 -1951 9.31528767372 0 0 -1789 3.57581440861 0 0
50.0 48.0 49.0 4231 7956 24.7812753781 0 11 -1818 11.2693188754 0 0 -1992 24.2484989715 0 0 -1195 12.91772494 0 0 320 7197 30.1239633348 0 0 -1005 14.3056400655 0 0 -1913 31.1670032366 -1 1 -1886 15.8058487563 0 0
48.0 49.0 50.0 113 7923 27.633373364 0 36 -1833 1.07208694928 0 0 -1991 18.489609538 0 0 -1111 16.9534886706 0 0 89 7239 7.12534485143 0 0 -1213 4.22725445251 0 0 -1916 8.83608966142 0 0 -1899 4.51407489017 0 0
48.0 49.0 50.0 4232 7937 25.1342755941 0 7 -1721 9.59209916467 0 0 -1990 23.4499259371 -1 0 -1141 14.8152850318 0 0 287 7270 27.8207791161 -1 0 -1203 14.1158604855 0 0 -1952 28.8408053224 0 0 -1850 14.5342256533 0 1
50.0 48.0 50.0 79 7944 27.5355770351 0 58 -1725 13.1373561634 0 0 -1972 28.4923990592 0 0 -1222 7.16272785007 0 0 129 7294 13.8939845146 0 0 -1139 7.28419088418 0 0 -1906 14.528501293 0 0 -1853 4.96029471961 0 0
48.0 49.0 50.0 4735 7970 27.8522249035 0 54 -1739 13.5009203119 0 0 -1989 27.1733419984 0 0 -1123 10.5646898099 0 0 85 7255 9.18898087354 0 0 -1195 4.43917345022 0 0 -2035 8.72551987655 0 0 -1957 4.76654414394 0 0
50.0 48.0 47.0 1657 8030 9.7809660636 0 0 -1847 1.37818665626 0 0 -2022 11.5023541824 0 0 -1244 9.97358458943 0 0 116 7320 11.295906884 0 0 -741 7.65839855202 0 0 -1988 11.1217174975 0 0 -2046 1.94477402528 0 0
50.0 48.0 48.0 90 8032 27.5760689003 0 9 -1970 14.0120148279 0 0 -2035 29.1674065157 0 0 -1300 15.0064549937 0 0 157 7360 15.8169269404 0 2 -1212 8.0659577124 0 1 -1930 15.3935286766 0 0 -2089 4.77183331041 0 0
48.0 47.0 49.0 92 8036 27.592926994 0 54 -1971 14.2702896463 0 0 -2053 25.9701879456 0 0 -1292 13.1735100878 0 0 7 7367 21.6592244418 0 0 -1195 15.4750315008 0 1 -1941 29.1638795987 1 0 -1980 13.9478213762 0 0
48.0 47.0 49.0 81 8066 27.533806415 0 17 -1966 27.1715373632 0 0 -2043 28.3598345379 0 0 -1133 0.945959004148 0 0 9 7454 0.93362931185 0 0 -1273 0.757970785267 0 0 -1804 0.964664712432 0 0 -2074 0.247613066788 0 0
50.0 48.0 50.0 125 8091 27.6535722828 0 18 -1583 29.8976605917 0 0 -2045 28.6375007481 -1 1 -1131 0.382060232753 0 0 55 7425 5.85055325837 0 0 -1360 4.0728326364 0 0 -1811 4.54919416347 0 0 -2042 0.686112864616 0 0
48.0 47.0 49.0 2365 8070 13.832315125 0 34 -1999 6.65978359017 0 0 -2028 13.4213318404 0 0 -1319 6.30043491318 0 0 126 7405 13.1211001289 0 2 -1366 6.96944315941 0 1 -1759 13.6252137539 0 0 -2135 7.12748110217 0 0
50.0 49.0 48.0 4642 8135 27.1337862964 0 19 -1902 12.9077665614 0 0 -2060 26.2034826991 0 0 -1202 6.6964637719 0 0 138 7419 12.8987715946 -1 0 -1353 7.1358792715 0 1 -1781 13.7699004509 0 0 -2210 7.02858507843 0 0
50.0 49.0 48.0 4740 8139 27.6986073445 0 23 -1837 14.0173701658 0 0 -2047 27.859940297 0 0 -1217 13.9756259928 0 0 286 7361 27.8555663117 0 0 -1323 14.4444593892 0 0 -1885 28.1255357653 0 0 -2135 6.81239492935 0 0
50.0 48.0 50.0 3888 8158 22.9722905199 0 3 -2000 11.6004360714 0 0 -2042 23.0733908853 -1 0 -1274 12.188351559 0 0 337 7372 28.9740997744 -1 0 -1358 15.2170095 0 0 -1765 28.7654870347 0 0 -2241 4.54678512862 0 0
50.0 48.0 50.0 4826 8141 27.8513601743 0 42 -1935 7.02660432111 0 0 -2033 11.2649725735 0 0 -1262 2.19036213968 0 0 55 7413 4.81735521277 0 2 -1485 3.80018797776 0 0 -1782 9.06163126147 0 0 -2337 5.33948498659 0 0
51.0 50.0 48.0 2379 8151 13.9260437775 0 50 -1870 3.29477742472 0 0 -2038 5.49091638099 0 0 -1211 1.70903733959 0 0 77 7530 7.78255756737 0 1 -1519 6.78194279862 0 0 -1770 13.9739297444 0 0 -2355 8.82379170582 0 0
50.0 48.0 50.0 4133 8079 24.3350080885 0 7 -1807 1.96262729055 0 0 -2032 2.97655021555 0 0 -1268 1.57752194385 0 0 40 7559 4.07749567991 0 1 -1575 3.82476714384 0 1 -1635 10.114420207 0 0 -2136 4.96508123541 0 0
50.0 48.0 50.0 4133 8079 24.3350080885 0 7 -1807 1.96262729055 0 0 -2032 2.97655021555 0 0 -1268 1.57752194385 0 0 40 7559 4.07749567991 0 1 -1575 3.82476714384 0 1 -1635 10.114420207 0 0 -2136 4.96508123541 0 0
50.0 49.0 48.0 4681 7823 27.7689024749 0 31 -1524 13.1940329437 0 0 -2021 26.3389212565 0 0 -1168 14.3479368253 0 0 157 7408 14.72859329 0 0 -1446 7.41978841485 0 0 -1590 14.4118032106 0 0 -2048 7.3751539605 0 0
48.0 49.0 50.0 108 7764 27.6218668143 0 17 -1475 14.6341081222 0 0 -2120 28.8806898474 0 0 -980 13.7462862627 0 0 101 7290 10.0792307307 -2 0 -1640 5.09720348053 -1 0 -1566 9.74773874924 0 0 -2077 2.77224306077 0 0
50.0 38.0 68.0 22 7646 4.09899287644 0 0 -1199 4.10711974442 0 0 -2135 32.6102372891 0 0 4265 31.1617102969 0 0 209 7375 15.3298464982 0 0 -1632 3.85059282412 0 0 -1488 4.06693523396 0 0 -1926 0.0677048940416 0 0
48.0 47.0 49.0 4337 7556 25.4448295609 0 21 -1165 8.00513360537 0 0 -2150 15.9064452454 0 0 -848 7.8981106022 0 0 190 7289 17.8469211228 0 1 -1500 8.94112572295 0 0 -1335 26.8637774771 0 0 -1893 4.98358817471 0 1
48.0 49.0 50.0 1905 7531 11.2809960682 0 0 -1165 5.20549022649 0 0 -2118 10.7574917578 0 0 -866 6.09858310785 0 0 157 7302 14.8193051702 0 0 -1700 7.63969840778 0 0 -1386 15.312200433 0 0 -1872 7.41974780232 0 0
50.0 49.0 48.0 75 7513 27.5090128755 0 52 -1107 13.0674528723 0 0 -2151 28.337434776 0 0 -881 14.3629799096 0 0 167 7210 14.4272584879 0 0 -1665 7.03419953268 0 0 -1415 13.9536654013 -1 0 -1816 6.99459390431 0 1
48.0 50.0 51.0 4773 7515 27.8523178814 0 38 -1077 13.6975552522 0 0 -2127 28.2860501316 0 0 -823 13.5710658309 0 0 251 7311 29.1583415958 0 0 -1649 15.4477646256 0 0 -1440 29.5656091609 0 0 -1905 14.1800536622 0 0
50.0 48.0 50.0 110 7478 27.6259016873 0 14 -1002 13.6351131674 0 0 -2177 28.4269465176 0 0 -859 14.880506287 0 0 308 7382 29.1106606454 0 0 -1559 13.7588706176 0 0 -1385 27.8639482994 0 0 -1817 4.77898643318 0 0
50.0 48.0 48.0 2345 7458 13.8929792519 0 5 -901 6.7340585976 0 0 -2163 14.0245653592 0 0 -840 7.27562280597 0 0 129 7242 14.4034502461 0 0 -1406 6.67548175482 0 0 -1380 13.5510784172 0 0 -1926 7.00512027931 0 0
48.0 47.0 49.0 4738 7454 27.8517733202 0 52 -1022 13.7600882701 0 0 -2151 27.9497928632 0 0 -774 10.4654027921 0 0 174 7317 20.1216262909 0 0 -1511 10.7690050282 0 0 -1315 20.0701951776 0 0 -1881 10.1047013765 0 0
50.0 48.0 48.0 3507 7437 20.7381755602 0 2 -1012 9.66334339695 0 0 -2168 20.158462332 0 0 -897 13.2602514458 0 0 274 7261 28.1844227595 -1 0 -1466 14.688306363 0 0 -1334 29.6314175389 1 0 -1913 14.9292701844 0 0
50.0 48.0 48.0 4706 7418 27.3228810126 0 52 -900 22.4384642223 0 0 -2189 27.2441812638 0 0 -784 4.92832042236 0 0 39 7285 3.59543275788 0 0 -1510 0.280110641882 0 0 -1257 3.63796291669 0 0 -1856 0.791998171508 0 0
50.0 48.0 50.0 4804 7399 27.7633507494 0 25 -907 13.8837510003 0 0 -2140 27.1436104074 0 0 -716 12.0573753836 0 0 127 7240 10.6260858714 0 0 -1511 5.48473669697 0 1 -1264 11.0845474636 0 0 -1835 5.38632170879 0 0
50.0 48.0 50.0 32 7373 9.62579365079 0 0 -926 4.31874554526 0 0 -2163 9.12419354839 0 0 -766 4.43210162507 0 0 93 7261 9.71043039938 0 0 -1502 4.99975619362 0 0 -1334 9.84338478845 0 0 -1742 4.68526901228 0 0
48.0 49.0 50.0 124 7259 27.6540901503 0 58 -782 0.0045709660332 0 0 -2179 0.726753184903 0 0 -719 0.254720632633 0 0 21 7247 2.35092872251 -1 1 -1542 2.31518748314 0 0 -1277 6.20409449646 0 0 -1614 1.59778417422 0 0
48.0 49.0 50.0 62 7275 21.7985976077 0 2 -726 0.00408530195594 0 0 -2179 0.460366882995 0 0 -653 0.164400502569 0 0 169 7150 15.3959798539 0 0 -1624 15.5365202378 0 0 -1267 39.1891338995 0 0 -1690 11.7900028919 0 0
48.0 50.0 51.0 3288 7270 19.6167043432 0 0 -687 2.0648357127 0 0 -2096 16.0643198327 0 0 -489 14.1963132379 0 0 56 7220 6.51376996066 -1 0 -1535 1.49671030568 0 0 -1246 6.15974369689 0 0 -1623 4.41287994245 0 0
48.0 50.0 51.0 4797 7203 27.8523146969 0 49 -667 13.5349189848 0 0 -2208 28.2528064961 0 0 -472 7.83202623841 -1 0 50 7162 5.83152524426 -1 2 -1559 2.66389360969 -1 0 -1229 5.44039915803 0 0 -1752 2.08124433706 0 0
48.0 48.0 50.0 3692 7188 21.7421711509 0 0 -674 10.6152855002 0 0 -2233 21.9950016079 0 0 -428 3.80291272583 0 0 100 7169 9.11316055607 0 0 -1533 4.42656243657 0 0 -1171 8.95974793226 0 0 -1719 4.57409032176 0 0
50.0 48.0 50.0 94 7126 27.5867873746 0 27 -550 0.905243242669 0 0 -2245 1.6668993717 0 0 -552 0.348221079049 0 0 34 7165 3.58391324619 0 0 -1559 3.13998357725 0 0 -1228 10.1052455962 0 0 -1644 3.88155810219 0 0
48.0 50.0 51.0 4726 7128 27.8522547426 0 61 -533 5.81593201556 0 0 -2213 22.9064458203 0 0 -402 1.40523308823 0 0 32 7124 3.27053960657 0 0 -1566 0.81653203081 0 0 -1179 5.30228952271 0 0 -1636 3.28158076146 0 0
48.0 49.0 50.0 91 7093 27.5783141666 0 16 -534 13.4089542265 0 0 -2244 29.4090178858 0 0 -545 7.52586572233 0 0 95 7124 8.97430440362 0 0 -1615 1.59215507789 0 0 -1178 8.43349183378 0 0 -1568 6.61214566809 0 0
48.0 49.0 50.0 74 7094 22.0800159633 0 3 -522 10.3497062867 0 0 -2268 20.9112394739 0 0 -555 10.6864480457 0 0 255 7112 21.9595844274 0 0 -1625 11.4978222045 0 0 -1161 23.9851208927 0 0 -1636 11.8902356342 0 0
50.0 48.0 48.0 4701 7087 27.8074716686 0 10 -459 13.3981398558 0 0 -2303 27.9113385948 0 0 -517 3.719150476 0 0 64 7075 6.78878851372 0 0 -1470 3.43154937237 0 0 -1147 6.80323345489 0 0 -1643 3.47761376502 0 0
50.0 48.0 50.0 71 7057 27.5008422962 0 38 -437 22.8920373922 0 0 -2261 36.8212213319 0 0 -499 12.4235877626 0 0 66 7100 5.76926808389 0 0 -1587 2.78386519265 0 0 -997 4.03798123957 0 0 -1611 0.98087672845 0 0
50.0 48.0 50.0 4282 7063 25.143557623 0 6 -185 21.348836514 0 0 -2269 32.3492689613 0 0 -470 11.0679745033 0 0 215 7116 20.3744320093 1 0 -1562 10.466868223 0 0 -1130 14.209450074 0 0 -1577 1.35870337333 0 1
48.0 50.0 51.0 74 7049 18.5326801491 0 0 -421 8.76809190387 0 0 -2273 18.4166975028 0 0 -329 4.7640853341 0 0 97 7112 9.43964480323 -1 0 -1706 5.21245167854 0 0 -1088 10.5258262913 0 0 -1619 5.27116023759 0 0
48.0 47.0 49.0 4769 7045 27.8523251316 0 57 -414 13.7307030781 0 0 -2267 28.3865722994 0 0 -426 7.85049140937 0 0 82 7127 9.44982403652 -1 1 -1493 4.51025972162 0 0 -1053 9.84180843917 0 0 -1636 4.80997582268 0 0
48.0 47.0 49.0 4702 7028 27.8522576691 0 20 -393 25.3250150199 0 0 -2290 28.1715599414 0 0 -382 0.318920015185 0 0 42 7203 3.87413393121 0 0 -1562 4.05659232545 0 0 -974 5.03640007893 0 0 -1584 0.0937720257005 0 0
50.0 48.0 50.0 112 6951 27.6008861902 0 42 -334 13.1120390807 0 0 -2280 26.4552451641 0 0 -472 13.4720893434 0 0 69 7129 7.20634673449 0 0 -1621 3.8852395932 0 0 -1102 7.45836614788 0 0 -1594 3.71950204571 0 0
48.0 49.0 50.0 129 6982 27.6609492565 0 15 -301 14.0297053387 0 0 -2207 23.3711520814 0 0 -425 9.76020392557 0 0 298 7154 21.8806703476 0 0 -1610 11.2948067303 0 0 -962 22.4863115564 0 0 -1495 1.90561109978 0 0
47.0 48.0 50.0 137 6982 27.6665156017 0 19 -323 13.3728145052 0 0 -2245 29.2009057612 0 0 -269 14.8281863575 0 0 336 7142 28.9261909513 0 0 -1606 14.4430867483 0 0 -872 29.1180718698 0 0 -1575 14.8274791313 0 0
50.0 48.0 50.0 4394 7025 26.0328417781 0 0 -291 12.5375416327 0 0 -2168 26.2397055441 0 0 -433 12.8404004391 0 1 278 7190 26.1729588932 0 1 -1616 13.0272122987 0 0 -870 26.0048671517 0 0 -1505 12.8789292145 0 0
50.0 48.0 50.0 4696 6990 27.6028640202 0 31 -276 13.3336832437 0 0 -2124 26.8408733624 0 0 -418 13.9855532945 0 0 280 7183 27.8873154866 -3 0 -1664 14.8352621599 0 0 -911 28.543027878 0 0 -1524 14.3857288944 0 0
50.0 48.0 50.0 2077 7152 12.376334566 0 0 -57 6.40325181893 0 0 -2004 12.1078691744 0 0 -263 5.83879819861 0 0 0 7212 0.00366636113657 0 0 -1544 0.00188347471656 0 0 -758 0.00250003906311 0 0 -1438 0.00188268517974 0 0
51.0 50.0 51.0 1 7210 0.000515524815002 0 0 -92 0.000356829237696 0 0 -1966 0.000230756139796 0 0 -269 0.000356215213358 0 0 1 7252 0.0109972506873 0 0 -1539 0.00564901105529 0 0 -779 0.00750199271682 0 0 -1436 0.00505326323685 0 0
50.0 48.0 50.0 1 7167 0.000515581447466 0 0 -75 0.000356874670077 0 0 -1988 0.000230777773985 0 0 -272 0.00035359278818 0 0 1 7250 0.0109996562607 0 0 -1551 0.0053342964702 0 0 -731 0.00749988281433 0 0 -1434 0.0056452324248 0 0
50.0 48.0 50.0 1 7171 0.000514554936779 0 0 -42 0.000356189440838 0 0 -1973 0.000230327953416 0 0 -278 0.000356215874241 0 0 1 7246 0.010151405912 0 0 -1551 0.00533466700008 0 0 -707 0.00749964845398 0 0 -1434 0.00505263157895 0 0
50.0 49.0 51.0 1 7157 0.000511506473754 0 0 -42 0.000354207925587 0 0 -1930 0.000228998783921 0 0 -255 0.000352946204656 0 0 1 7266 0.0101566783045 0 0 -1582 0.00533100102039 0 0 -696 0.00666638890046 0 0 -1433 0.00533822670782 0 0
48.0 49.0 50.0 1 7146 0.000514619883041 0 0 -64 0.00035624346829 0 0 -1938 0.00023035835121 0 0 -262 0.000354918345674 0 0 1 7228 0.0101452617016 0 0 -1553 0.00533481522645 0 0 -707 0.00666787058775 0 0 -1430 0.00457183677114 0 0
51.0 50.0 48.0 1 7130 0.000515528086761 0 0 -78 0.000356852615688 0 0 -1885 0.000230767899416 0 0 -303 0.000356871021794 0 0 1 7240 0.0109694911029 0 0 -1549 0.00563839393873 0 0 -690 0.007467098099 0 0 -1474 0.005647391023 0 0
50.0 48.0 50.0 1 7126 0.000515546963106 0 0 -79 0.000356841506615 0 0 -1908 0.000230759800681 0 0 -252 0.000356873840915 0 0 1 7227 0.0101581438301 0 0 -1541 0.00533485228433 0 0 -673 0.00666111573689 0 0 -1423 0.00505113617679 0 0
50.0 48.0 50.0 1 7163 0.000516549391367 0 0 -49 0.000357515768168 0 0 -1863 0.000231213984207 0 0 -253 0.000357538903305 0 0 1 7193 0.0101649885451 0 0 -1548 0.00533329629655 0 0 -655 0.00667092864886 0 0 -1429 0.00518904894462 0 0
50.0 51.0 50.0 1 7159 0.000513544742586 0 0 -30 0.000355539095412 0 0 -1882 0.000229886598857 0 0 -191 0.000354261680372 0 0 1 7275 0.0131533057645 0 0 -1508 0.00599377209618 0 0 -681 0.00994324066785 0 0 -1423 0.00619239979681 0 0
48.0 50.0 51.0 1 7148 0.000515536643866 0 0 -34 0.000356838024809 0 0 -1855 0.000230756472599 0 0 -228 0.000354900632444 0 0 1 7237 0.00943135030857 0 0 -1543 0.00468598414819 0 0 -623 0.00666861167841 0 0 -1419 0.00505379528181 0 0
48.0 49.0 50.0 1 7143 0.000514554184602 0 0 -93 0.000354879149325 0 0 -1869 0.00023032275896 0 0 -246 0.000352296163642 0 0 1 7257 0.0110008021418 0 0 -1554 0.00505336298675 0 0 -595 0.0075012892841 0 0 -1423 0.00564996689473 0 0
48.0 50.0 51.0 1 7133 0.000513567969699 0 0 -49 0.000355534651435 0 0 -1840 0.00022988340601 0 0 -242 0.000352296163642 0 0 1 7265 0.0110035532307 0 0 -1551 0.00492459218221 0 0 -592 0.00749988281433 0 0 -1412 0.00533174121616 0 0
50.0 51.0 50.0 1 7161 0.000509418452526 0 0 -5 0.000345285858926 0 0 -1811 0.000225960402322 0 0 -294 0.000347177958539 0 0 1 7248 0.00880741290586 0 0 -1583 0.00457469621158 0 0 -569 0.00545609548167 0 0 -1407 0.00457145578247 0 0
50.0 48.0 50.0 1 7138 0.000511547358095 0 0 -22 0.000351648673671 0 0 -1874 0.0002281337377 0 0 -239 0.000351634344236 0 0 1 7238 0.00942587832048 0 0 -1560 0.00505276454644 0 0 -553 0.00599692657513 0 0 -1415 0.00505000690431 0 0
50.0 48.0 50.0 1 7134 0.000514527107685 0 0 -63 0.000354854553528 0 0 -1745 0.000230312702273 0 0 -287 0.00035488964457 0 0 1 7241 0.0110123889376 0 0 -1541 0.00534123390849 0 0 -528 0.00751879699248 0 0 -1420 0.00548736049386 0 0
48.0 50.0 51.0 1 7130 0.000515553507228 0 0 -19 0.000356848138814 0 0 -1778 0.000230766013358 0 0 -223 0.000355554897121 0 0 1 7242 0.0110046999239 0 0 -1560 0.00533377781482 0 0 -523 0.00749964845398 0 0 -1407 0.00518918918919 0 0
48.0 49.0 50.0 1 7119 0.000516570364123 0 0 -26 0.000357524755563 0 0 -1786 0.000231210865755 0 0 -234 0.000356165323781 0 0 1 7239 0.0101810609128 0 0 -1540 0.00505313024312 0 0 -498 0.00750152374701 0 0 -1413 0.00564730796947 0 0
50.0 48.0 50.0 1 7135 0.000515519781607 0 0 25 0.000356850625952 0 0 -1744 0.000230766457134 0 0 -220 0.000356884288634 0 0 1 7239 0.0110011459527 0 0 -1559 0.00564730796947 0 0 -479 0.00750164098397 0 0 -1415 0.0056482632326 0 0
50.0 50.0 51.0 1 7130 0.000515546459719 0 0 19 0.000356841506615 0 0 -1757 0.000230759578806 0 0 -220 0.00035687699175 0 0 1 7225 0.0105629576281 0 0 -1562 0.00548885077187 0 0 -476 0.00706183519442 0 0 -1446 0.00505436070235 0 0
50.0 48.0 50.0 1 7120 0.000515575406077 0 0 -1 0.000356851289195 0 0 -1774 0.000230761131941 0 0 -220 0.00035622050049 0 0 1 7202 0.0110064204119 0 0 -1560 0.005490655876 0 0 -447 0.00750480776748 0 0 -1410 0.0053335926052 0 0
48.0 49.0 50.0 1 7155 0.000514531369604 0 0 32 0.000354866687028 0 0 -1710 0.000230319553986 0 0 -206 0.000355556707823 0 0 1 7246 0.00978484461 0 0 -1562 0.00505313024312 0 0 -423 0.0066700016675 0 0 -1450 0.00468312671882 0 0
50.0 48.0 50.0 1 7153 0.000514497526904 0 0 50 0.000356170774611 0 0 -1633 0.000230309166065 0 0 -203 0.000354899648428 0 0 1 7242 0.0101607828421 0 0 -1553 0.00505519243301 0 0 -412 0.00666750010418 0 0 -1366 0.00533311112037 0 0
50.0 48.0 50.0 1 7122 0.000515534378722 0 0 44 0.000356848138814 0 0 -1692 0.00023076124288 0 0 -205 0.000356882961906 0 0 1 7233 0.0110055027514 0 0 -1560 0.0056532108471 0 0 -371 0.00749356022168 0 0 -1402 0.00564593793879 0 0
50.0 48.0 50.0 1 7138 0.000514597312983 0 0 -1 0.000356206622104 0 0 -1726 0.000230325190378 0 0 -186 0.000354904732571 0 0 1 7187 0.0110060762713 0 0 -1558 0.00533670583494 0 0 -385 0.0075012892841 0 0 -1393 0.00564361455876 0 0
48.0 50.0 51.0 1 7122 0.000516546611973 0 0 180 0.000357526586385 0 0 -1713 0.000231210086155 0 0 -197 0.000356225787778 0 0 1 7189 0.00977995110024 0 0 -1567 0.00519125867745 0 0 -373 0.00666472278919 0 0 -1405 0.00505196684647 0 0
51.0 50.0 48.0 1 7170 0.000514520338901 0 0 63 0.00035097308201 0 0 -1651 0.000229440790653 0 0 -196 0.000354891776492 0 0 1 7195 0.011007682445 0 0 -1564 0.00565254511732 0 0 -361 0.00750164098397 0 0 -1379 0.00518757683423 0 0
48.0 49.0 50.0 1 7107 0.000511641045046 0 0 42 0.000351686515432 0 0 -1673 0.000228171259643 0 0 -198 0.000344129962831 0 0 1 7272 0.00599142137394 0 0 -1567 0.00325241813901 0 0 -340 0.00399916684024 0 0 -1372 0.00391664881736 0 0
50.0 49.0 51.0 1 7131 0.000516522609359 0 0 45 0.000355521649324 0 0 -1588 0.000231202290444 0 0 -174 0.000357528750106 0 0 1 7245 0.010164499331 0 0 -1572 0.00533533408361 0 0 -315 0.00666750010418 0 0 -1402 0.00492415013529 0 0
50.0 48.0 50.0 75 6920 27.4702749036 0 16 -66 13.2510862394 0 0 -1788 26.2567168641 0 0 -260 13.9045868166 1 0 143 7081 13.967060341 0 0 -1716 6.96804290058 0 0 -364 14.088319367 0 0 -1370 7.08849306215 0 1
48.0 49.0 50.0 113 6910 27.633373364 0 35 -83 13.7024572466 0 0 -1734 27.1086331475 0 0 -206 6.84904609861 0 0 54 7117 5.52782211229 0 0 -1719 3.06309293104 -1 0 -298 6.20898806175 0 0 -1520 3.04074404051 0 0
50.0 48.0 50.0 2806 6948 16.567182607 0 0 30 15.0904914343 0 0 -1510 45.0383499644 0 0 -287 15.0580507966 0 0 208 7258 19.5630058523 0 2 -1588 2.43206370217 0 0 41 3.33442520473 0 0 -1409 0.101147688513 0 0
48.0 47.0 49.0 51 6926 12.5174043124 0 2 -48 12.8690800671 0 0 -1468 38.1426296904 0 0 -301 12.8551002481 0 0 139 7238 13.5267668533 0 0 -1631 1.69515689426 0 0 119 2.61190234684 0 0 -1417 0.59334077449 0 0
48.0 48.0 50.0 130 6906 27.6623555846 0 13 -8 13.2309845417 0 0 -1478 27.6420925226 0 0 -117 13.7379768534 0 0 302 7234 28.5450814876 1 0 -1595 15.294406269 0 0 105 30.2984981305 0 0 -1459 15.030383046 0 0
48.0 49.0 50.0 105 6930 26.8366221768 0 7 45 0.0730456875822 0 0 -1363 0.507773096162 0 0 -181 0.395986077168 0 0 52 7232 4.33840166782 0 0 -1592 4.171801158 0 0 77 17.3491516244 0 0 -1342 7.03677538955 0 0
50.0 48.0 50.0 4769 6918 27.8516400815 0 59 180 13.2951757615 0 0 -1409 28.0472841298 0 0 -184 7.35618249316 0 0 101 7160 8.93707710147 0 0 -1642 4.51303074085 0 0 165 9.15523334432 0 0 -1349 4.50104175735 0 1
48.0 49.0 50.0 4779 6926 27.8523204335 0 46 43 13.2996177935 0 0 -1395 26.7108619136 0 0 -168 10.8549391872 1 0 244 7170 25.3829680846 0 0 -1745 12.6111550449 0 0 138 26.3856608983 0 0 -1447 6.15345828081 0 0
50.0 48.0 50.0 69 6911 20.7438561187 0 0 58 9.55961031548 0 0 -1325 19.5877551557 0 0 -172 11.2369865897 0 0 39 7250 4.50393248201 0 0 -1670 2.34803155513 0 0 274 4.73074133988 0 0 -1512 2.49190684779 0 0
50.0 48.0 50.0 130 6916 27.6613767847 0 23 54 13.174383029 0 0 -1314 28.0455512452 0 0 -76 15.643289286 0 0 278 7162 28.9739438619 1 0 -1565 14.6418304147 0 0 201 29.3508173791 0 0 -1467 14.8999804097 0 0
48.0 49.0 50.0 65 6885 23.9530951058 0 0 93 11.1186371074 0 0 -1317 21.7269479391 0 0 -174 11.8114402268 0 1 269 7212 25.5319895653 1 0 -1758 12.8215923444 0 0 220 25.2853750594 0 0 -1399 13.2773773838 0 1
50.0 48.0 50.0 132 6937 27.6868133784 0 38 44 13.4792315096 0 0 -1267 27.4237612049 0 0 -230 4.91327409479 0 0 52 7307 5.6804903145 0 0 -1660 2.79125323183 0 0 277 5.61061280288 0 0 -1494 2.36777897381 0 0
50.0 48.0 50.0 90 6915 25.0254887863 0 3 64 11.608311713 0 0 -1243 23.7540858489 0 0 -112 14.1685812733 0 0 254 7216 28.302021974 0 0 -1604 14.651687215 0 0 375 28.8512407568 0 0 -1518 14.3398331542 0 0
50.0 48.0 50.0 1120 7030 6.5814721803 0 0 199 0.459432762651 0 0 -881 3.14036938128 0 0 -207 4.15428716975 0 0 419 7299 35.1457642176 0 0 -1707 32.1068357553 0 2 793 41.1691323471 0 0 -1394 9.59701281435 0 0
50.0 48.0 50.0 141 6893 27.676959465 0 20 51 13.798013814 0 0 -854 26.6272761365 0 0 -263 13.9991304503 0 0 275 7233 27.5863719462 0 0 -1693 14.7361756113 0 0 775 29.7043552783 0 0 -1440 15.0185641481 0 0
50.0 49.0 48.0 105 6916 27.5629987538 0 5 231 13.6092783901 0 0 -779 27.1565591164 0 0 -276 13.1217983634 0 0 148 7315 13.986443375 0 1 -1719 7.30837785697 0 1 799 14.8767525158 0 0 -1492 7.33755979931 0 0
48.0 50.0 51.0 4748 6925 27.852255459 0 38 136 2.00960865324 0 0 -625 5.18796849832 0 0 -164 2.8982685426 0 0 24 7429 2.33773871154 0 0 -1764 1.66350627439 0 0 872 6.23710333235 0 0 -1446 4.28910099255 0 1
50.0 48.0 50.0 3248 6940 19.265845976 0 0 126 9.86121881969 0 0 -708 19.5971938571 0 0 -271 11.0136461517 0 0 78 7241 7.14190281871 0 0 -1671 3.47252632731 0 0 791 7.54305021831 0 0 -1440 3.7737812437 0 0
50.0 48.0 50.0 74 6933 23.8793666208 0 2 107 11.1570016553 0 0 -688 22.2387226416 0 0 -208 11.3218174921 0 0 68 7291 6.81994017946 0 0 -1694 3.51737657412 0 0 934 7.14081236529 0 0 -1504 3.58844403902 0 0
50.0 48.0 50.0 60 6941 21.6723396524 0 0 171 10.2880847912 0 0 -694 19.1906634248 0 0 -303 8.6652875925 0 0 111 7277 11.3038705467 0 0 -1821 5.60237204613 0 0 877 11.2032390283 0 0 -1446 2.76323119777 0 0
50.0 48.0 50.0 4132 6958 24.1910735826 0 2 122 11.4115005595 0 0 -523 23.1080453686 0 0 -272 11.6708347525 0 0 328 7358 29.0970518677 0 0 -1755 14.5515809611 0 0 920 29.2610361486 0 0 -1371 8.07828797839 0 0
50.0 48.0 50.0 4717 6935 27.5210440809 0 29 170 1.24685222273 0 0 -552 17.6849633906 0 0 -303 16.4114150892 0 0 401 7323 41.6378618503 0 1 -1751 25.644590225 0 0 992 51.990221679 0 0 -1431 26.8889828434 0 0
50.0 51.0 50.0 4612 6964 27.1372481946 0 28 105 1.25137565035 0 0 -500 17.6583244465 0 0 -284 8.26007355857 0 0 205 7399 20.7644289859 0 0 -1806 12.7607211623 0 0 894 25.3666220761 0 0 -1480 13.2578661242 0 0
50.0 48.0 50.0 4766 6941 27.852303695 0 55 102 1.2481892801 0 0 -506 17.7062177029 0 0 -299 7.18548156616 0 0 96 7385 10.3752797322 0 0 -1738 6.13833763226 0 0 939 12.8732528192 0 0 -1467 6.66308025068 0 0
50.0 40.0 50.0 57 6951 13.8318421425 0 42 42 6.87291092298 0 0 -573 13.5618981371 0 0 -283 6.31839972578 0 1 105 10319 9.12111270736 0 0 -1787 4.80071990801 0 0 1024 9.60798404732 0 0 -1468 4.70347492449 0 0
50.0 48.0 50.0 4723 6961 27.7188141096 0 26 83 1.55077867224 0 0 -542 7.59059853124 0 0 -272 6.03402129617 0 0 36 7457 3.43516785224 0 0 -1721 1.64148512668 0 0 1027 9.95300555942 0 0 -1522 5.30173146763 0 0
50.0 48.0 50.0 79 6982 24.1853424027 0 0 40 3.33751907347 0 0 -501 26.9297026952 0 0 -387 23.8861827046 0 0 150 7343 14.2164775839 0 0 -1896 9.179375251 0 0 1032 13.221092844 0 0 -1394 3.96385906949 0 0
48.0 49.0 50.0 57 7073 17.6558893856 0 0 69 3.25052110009 0 0 -459 23.577245509 0 0 -176 22.3778670729 0 0 90 7526 7.59736893447 0 0 -1783 2.04103099057 0 0 1097 6.85277664074 0 0 -1389 4.79201530899 -1 1
50.0 48.0 50.0 4644 7051 27.5826194945 0 2 70 0.367880643684 0 0 -294 3.75925351194 0 0 -305 3.34529399714 0 0 19 7472 1.96415531585 0 0 -1824 1.50972140486 0 1 1194 4.02400818461 0 0 -1505 2.07095406682 0 0
48.0 50.0 51.0 197 7013 13.8967031175 0 36 3 0.0382768294423 0 0 -313 0.380249928361 0 0 -18 0.424366697066 0 0 9 7458 0.930649924953 0 0 -1768 0.776348328009 0 0 1169 7.36574610751 0 0 -1447 4.17923104398 0 0
48.0 49.0 50.0 4233 7056 24.7646157934 0 2 -11 11.8696016041 0 0 -292 25.0305165948 0 0 -330 6.8067939157 0 0 54 7410 5.70866413531 0 0 -1865 2.77189784371 0 0 1226 5.64380749339 0 0 -1543 2.90111104533 0 0
50.0 48.0 50.0 4750 7055 27.8526024954 0 55 63 13.639993223 0 0 -210 28.2723744858 0 0 -292 17.4431566422 0 0 173 7523 18.5611113585 0 1 -1718 9.91821459142 0 0 1250 18.1552050473 0 0 -1535 9.26646627643 0 0
50.0 48.0 50.0 87 7061 27.5646495889 0 41 82 13.7046244702 0 0 -273 28.1466973119 0 0 -445 6.94170709706 0 0 166 7460 13.2194855817 0 0 -1680 7.00230688011 0 0 1211 12.6414234191 0 0 -1394 5.19252490932 0 0
50.0 48.0 50.0 128 7094 27.6590239344 0 8 -1 13.2009036566 0 0 -217 27.3158999092 0 0 -387 6.59919845688 0 0 70 7486 7.03049059492 0 1 -1780 3.61039403331 0 1 1334 7.3088753845 0 0 -1472 2.94294519265 0 0
50.0 49.0 48.0 4784 7081 27.852324787 0 53 152 13.4474089737 0 0 -153 26.9966025721 0 0 -409 13.5551422896 0 0 390 7528 27.3701744095 0 0 -1735 14.3052483506 0 0 1295 27.7232612479 0 0 -1431 13.3169415417 0 0
50.0 48.0 50.0 1 7365 0.0005166631195 0 0 150 0.000354954433649 0 0 190 0.000230379026293 0 0 -357 0.0329656863295 0 0 143 7596 16.5238598176 0 1 -1783 14.484011537 0 0 1476 28.435037429 0 2 -1401 14.5803566732 0 1
50.0 48.0 50.0 95 7142 27.0665748284 0 9 2 2.62774500983 0 0 16 5.3069901213 0 0 -365 2.72291752154 0 0 118 7716 11.7818689353 0 0 -1801 9.90608661701 0 0 1406 34.368215165 0 0 -1532 5.4091005741 0 0
50.0 48.0 50.0 125 7131 27.6545899498 0 30 -41 2.18000097986 0 0 13 5.14535680864 0 0 -384 3.68055224946 0 0 53 7627 5.7270814762 0 0 -1744 4.51075063653 0 0 1492 17.3145909942 0 0 -1529 12.9790128894 0 0
51.0 50.0 50.0 4160 7157 24.7049202035 0 1 8 11.8913543953 0 0 68 23.4645788985 0 0 -399 10.4165879175 0 0 72 7548 6.58178624428 0 0 -1915 3.45596795976 0 0 1408 7.13970710799 0 0 -1525 3.50912981297 0 0
48.0 50.0 51.0 4747 7159 27.8290519177 0 35 -75 13.27594878 0 0 -8 26.5119383064 0 0 -356 13.0807843761 0 0 249 7653 27.8127325571 0 0 -1957 14.9168459612 -1 0 1426 29.1588431035 0 0 -1566 14.7377614509 2 0
51.0 50.0 48.0 4043 7168 24.1816154019 0 0 -44 11.66905731 0 0 70 24.1078351512 0 0 -431 13.8419136023 0 0 348 7653 26.8945883527 0 0 -1791 13.1222609931 0 0 1419 26.4391474851 0 0 -1565 14.3513372275 1 0
47.0 48.0 50.0 70 7164 25.0759364699 0 12 -94 23.6350680173 0 0 22 29.5551600095 0 0 -419 2.52477936562 0 0 47 7671 5.09941395465 0 0 -1744 3.32232599073 0 0 1545 4.08060327468 0 0 -1441 1.48651135183 0 0
50.0 48.0 50.0 90 7229 27.5767736659 0 37 -95 12.3598457428 0 0 46 28.0978265398 0 0 -571 7.70738338236 0 0 165 7657 15.0942333035 0 0 -1957 7.33494068448 0 0 1436 14.2986815195 0 0 -1478 7.44856167419 0 0
48.0 49.0 50.0 4237 7209 25.2182996205 0 1 -83 11.7035452814 0 0 73 24.5359387469 0 0 -545 8.18303725721 0 0 159 7635 19.0752248976 0 0 -1946 9.07872094517 0 0 1472 18.9574779201 0 0 -1489 1.34746222616 0 0
50.0 51.0 50.0 3719 7206 21.84556382 0 3 -41 10.1062234268 0 0 140 21.2363592035 0 0 -453 14.1987514163 0 0 307 7769 28.9804807504 0 0 -1919 13.917370965 -1 0 1436 27.8724857685 0 0 -1597 14.3158612306 0 0
50.0 48.0 49.0 123 7197 27.6499626028 0 59 -85 14.0050238969 0 0 80 29.3007931666 0 0 -537 14.5997904296 0 0 320 7874 27.4246665053 -1 1 -1791 13.3279765321 0 0 1536 25.5606087878 0 0 -1497 10.6255806854 0 0
50.0 48.0 50.0 134 7212 27.6672960077 0 16 -144 13.4610593067 0 0 79 29.3588820185 0 0 -536 7.34102683833 0 0 96 7635 9.15644956302 0 0 -1945 4.52397009069 0 0 1503 8.73204509662 0 0 -1596 4.54299626119 0 0
50.0 48.0 50.0 94 7212 23.463092835 0 0 -122 11.6346363636 0 0 100 23.8718855737 0 0 -465 11.4419360891 0 0 266 7637 25.1339465341 0 0 -1954 13.0537015372 0 0 1557 25.5380694337 0 0 -1593 13.3901441274 0 0
50.0 48.0 50.0 3953 7247 23.5013447525 0 0 -80 11.2926183734 0 0 98 22.4720357348 0 0 -554 6.41512394101 0 0 130 7648 13.5097166375 0 0 -1884 7.07456207392 0 0 1512 13.8451428571 0 0 -1543 6.90677413258 0 0
50.0 48.0 50.0 4774 7298 27.852342908 0 40 -142 13.2723797676 0 0 151 26.9456722354 0 0 -544 13.6516549285 0 0 83 7824 8.44039408021 0 0 -1778 7.46698880268 0 0 1619 0.00665917509469 0 0 -1378 0.00518187154626 0 0
48.0 49.0 50.0 1 7490 0.000515571881998 0 0 17 0.000353579276571 0 0 285 0.000230765791471 0 0 -395 0.000354196490503 0 0 1 7828 0.00645883410705 0 0 -1808 0.00362498406989 0 0 1667 0.00429580174875 0 0 -1427 0.00295486899311 0 0
50.0 48.0 50.0 89 7292 27.1520333893 0 0 -121 12.4618466451 0 0 122 26.2986463727 0 0 -454 13.6816107327 0 0 261 7761 27.9998222333 0 0 -1810 14.65749714 0 0 1597 28.958677686 0 0 -1583 7.16976566815 0 0
50.0 48.0 50.0 4731 7265 27.8522321333 0 44 -75 13.4095418316 0 0 121 26.8585212698 0 0 -528 6.5287701248 0 0 129 7662 13.8837167826 0 0 -1911 7.33512251751 0 0 1571 14.6268838991 0 0 -1547 7.13521452671 0 0
50.0 48.0 50.0 4687 7307 27.8488549701 0 37 -62 13.3973577829 0 0 161 26.6868790985 0 0 -545 12.9249750079 0 0 272 7664 29.2842439486 0 0 -1931 15.095611668 0 0 1528 29.2778021262 0 0 -1584 14.1738878279 0 0
48.0 49.0 50.0 4553 7310 26.8503346864 0 0 -98 12.7916183557 0 0 124 25.8129147453 0 0 -484 12.9004641306 0 0 121 7720 11.9040326037 0 0 -1958 6.05778739749 0 0 1528 12.2636406808 0 0 -1531 6.24004494522 0 0
48.0 50.0 51.0 4686 7321 27.7839107676 0 23 -123 13.351289239 0 0 157 27.7099449085 0 0 -306 7.00971961706 0 0 169 7692 15.0167296197 0 0 -1835 7.46434193527 0 0 1545 15.3005202081 0 0 -1571 7.29860464254 0 0
48.0 50.0 51.0 4691 7322 27.7496363151 0 22 -116 13.2845743001 0 0 163 27.6464507766 0 0 -553 15.6616281311 0 0 285 7747 27.9528242526 2 1 -2001 13.6125881209 0 0 1541 27.6542780429 0 0 -1584 14.3366946693 1 0
50.0 49.0 48.0 82 7279 27.5716010219 0 35 -111 14.1827667552 0 0 161 29.2689390637 0 0 -550 15.0686291053 0 0 144 7741 14.5062817517 0 0 -1859 6.85084398733 0 1 1615 14.0971209069 0 0 -1550 7.3620035386 0 0
50.0 48.0 50.0 4762 7357 27.8522974915 0 37 -149 24.1477817482 0 0 243 27.7705208423 0 0 -622 1.7782529835 0 0 3 7867 0.363261093911 0 0 -1810 0.36507242211 0 0 1701 0.344500955975 0 0 -1505 0.0135459022453 0 0
50.0 48.0 50.0 4768 7389 27.8517223615 0 45 -98 0.367858318717 0 0 288 3.759210632 0 0 -565 1.20392542752 0 0 33 7893 3.36510951703 0 0 -1905 2.58709954233 0 0 1642 6.0845195606 0 0 -1542 3.47314727187 0 0
