90.0 31.619404 10.0 49 -1695 13.564488332 0 0 -19 4.29514312211 0 0 156 11.861003861 0 0 4065 9.74738833147 0 0 387 -5833 31.5194456802 0 2 6555 22.3910625935 0 1 -2207 32.2240821585 0 0 2360 9.50152022476 0 0
55.642582 90.0 10.0 86 -1714 27.5400443601 0 17 -74 22.2491591273 0 0 194 25.3916471192 0 0 4071 1.61445894043 0 0 275 -5846 24.3871099984 0 0 6676 23.1819167712 0 0 -2269 25.3563663872 0 0 2334 2.5701843566 0 0
16.58691 29.960217 90.0 56 -1700 20.9493547678 0 0 -67 19.5249866768 0 0 101 33.1344792158 0 0 3997 15.8090766632 0 0 202 -5853 20.1949205244 0 1 6518 3.39773973583 0 0 -2140 4.54688618468 0 0 2322 0.661485694438 0 0
90.0 90.0 15.68409 4477 -1744 26.0195786233 0 37 26 9.54181689774 0 0 178 21.8148504091 0 0 4205 10.837235916 0 0 147 -5799 12.9985968573 0 0 6487 3.15940080761 0 0 -2258 29.2774265748 0 0 2313 26.5160868502 0 0
72.52842 45.27919 74.38416 4699 -1697 27.8346335135 0 17 -1 25.7851121565 0 0 115 30.0769725902 0 0 4138 3.33377294691 0 0 88 -5759 7.31144336543 0 0 6652 3.54871631149 0 0 -2168 3.38291078367 0 0 2426 0.508417753808 0 0
76.392136 52.671448 10.0 4732 -1673 27.8522032495 0 37 287 27.4830873264 0 0 116 30.6334447011 0 0 4187 1.62743950039 0 0 33 -5791 3.32981679618 0 0 6540 1.41146288581 0 0 -2143 1.81977725278 0 0 2349 0.0020877621256 0 0
27.214422 10.0 10.0 142 -1702 27.6781341108 0 22 162 24.6271457303 0 0 47 33.8081581222 0 0 4101 7.63966784053 0 0 381 -5872 33.7766038622 0 0 6731 26.3755299394 0 0 -2225 28.9344085165 0 0 2364 2.58875824342 0 1
90.0 74.65747 90.0 62 -1725 14.5469702332 0 2 44 3.27070833524 0 0 128 12.0961805556 0 0 4217 8.81480165253 0 0 146 -5886 11.5691497416 0 0 6474 9.66210787633 -1 0 -2156 26.8201682614 0 0 2298 8.53975739027 1 0
34.78795 83.14076 36.965004 4762 -1713 27.8522974915 0 51 86 20.734880108 0 0 25 23.1885327626 0 0 4236 2.4529337902 0 0 14 -5860 1.37026751612 0 1 6602 0.323614216001 0 1 -2106 3.9613985881 0 0 2385 3.8897356105 0 0
90.0 90.0 10.0 4443 -1720 26.4104549009 0 0 156 21.7418355999 0 0 14 63.2187880764 0 0 4270 40.9479708861 0 0 97 -5911 11.3437380167 0 0 6534 1.9504745665 0 1 -2056 3.53966018962 0 0 2378 1.22858351758 0 0
56.918167 76.189575 10.0 4737 -1686 27.8171858634 0 25 126 27.558270479 -1 0 3 30.477509967 0 0 4324 3.00694132873 0 0 58 -5907 5.39222796715 0 0 6574 2.38371428571 0 0 -2073 3.72239776318 0 0 2377 0.0766297201944 0 0
90.0 79.162476 10.0 666 -1732 3.88881012913 0 0 403 3.32344912965 0 0 -95 33.2042474961 0 0 4640 28.2109638052 0 0 66 -5977 5.87240475858 0 0 6568 1.3919786934 0 0 -1879 1.47766720171 0 0 2313 0.0529202197348 0 0
21.456337 90.0 38.286392 1 -1685 0.0331086377175 0 0 493 0.00437178377886 0 0 37 0.00749882830808 0 0 4757 0.00188236678211 0 0 0 -5876 0.00366834799283 0 0 6674 0.00188242214787 0 0 -1853 0.00249921899406 0 0 2397 0.00172920395826 0 0
63.646454 86.949066 10.0 1979 -1789 11.6555343934 0 0 402 9.76101370752 0 0 -139 45.0404602299 0 0 4629 41.2727716013 0 0 213 -5999 22.9950006684 0 0 6536 1.95945146676 0 0 -1845 3.3654406662 0 0 2302 1.18826749076 0 0
83.8434 74.63763 35.08091 100 -1754 25.1776700862 0 0 445 16.7569472008 0 0 -131 79.1711801596 0 0 4657 12.5644515332 0 0 152 -6028 13.1624952773 0 0 6572 1.03340848116 0 0 -1851 1.58155719878 0 0 2345 0.691135843397 0 0
29.204233 90.0 10.0 84 -1761 19.4655989478 0 0 519 15.7255656935 0 0 -170 70.1627513983 0 0 4711 60.006417908 0 0 733 -6034 67.0018393624 0 0 6564 5.77134230614 0 0 -1858 9.15208613728 0 0 2235 1.74030074469 0 0
58.945248 65.463486 10.0 4683 -1797 27.8522377782 0 28 560 24.3598736457 0 1 -192 27.5322357931 0 0 4892 3.27313888596 0 0 21 -6000 1.82887551175 0 0 6659 0.00200183501543 0 0 -1876 2.27501989767 0 0 2253 0.57994801771 0 0
30.069216 90.0 36.80898 4151 -1765 24.4115543628 0 3 896 22.4862714832 0 0 -232 38.7532014637 0 0 4912 14.4888448852 0 0 173 -6113 17.4104670343 0 0 6502 9.20782474039 0 0 -1853 10.3211645912 0 0 2278 1.19703345256 0 0
39.36925 42.983658 81.03383 2143 -1752 12.6607880082 0 0 613 11.1511462404 0 0 -218 36.7502088856 0 0 4899 7.63084941183 0 0 75 -6139 7.29041497047 0 0 6735 0.677711158973 0 0 -1827 1.01117438231 0 0 2343 0.288275689849 0 0
64.196815 19.032234 25.418762 88 -1788 27.5671013773 0 32 688 7.79152265878 0 0 -241 19.0088847468 0 0 4937 5.21683120161 0 0 69 -6033 7.45259780768 0 0 6692 2.27523274034 0 0 -1813 12.7857517548 1 0 2259 10.0071430694 0 2
44.002182 60.026913 46.51341 4567 -1765 26.7183250262 0 8 694 9.92539761541 0 0 -164 15.6384260397 0 0 5213 6.14471856108 0 0 196 -6127 19.6841382164 0 0 7084 17.6960828563 0 0 -1805 23.3826117214 0 0 2193 5.79955927926 0 0
23.740835 75.995895 67.84311 4358 -1744 25.6503049474 0 7 707 15.0676315126 0 0 -280 34.2711734791 0 0 4980 20.3309959324 0 1 339 -6065 34.00802972 -1 1 6615 13.8414194424 0 0 -1725 24.6808063891 0 0 2238 11.5453631483 0 0
59.337 61.761494 17.413038 4775 -1782 27.8523008451 0 60 824 9.32739624594 0 0 -303 16.9926718368 0 0 5170 7.78223712134 0 0 37 -6153 3.9769265113 0 0 6607 3.07892030696 0 0 -1663 7.53727442128 0 0 2309 4.28670493946 0 0
72.6692 10.0 10.0 1652 -1758 0.0493367452468 0 0 1719 0.0475286254695 0 0 -443 0.0722200292509 -2 0 6406 0.0287396712151 0 0 1 -6535 0.00945584139975 0 0 6997 0.00457137415031 0 0 -1121 0.0066958680914 0 0 2329 0.00520015167109 0 0
39.372658 89.09377 25.187622 88 -1983 27.56854238 0 41 1660 2.04666612554 0 0 -546 4.71616836317 0 0 6338 3.30724174956 0 0 124 -6660 11.6324027403 0 0 7053 9.1506013338 0 0 -1127 32.5286668411 0 0 2230 3.73624877696 0 0
38.14268 43.715195 52.660522 4792 -1969 27.8519895119 0 56 1766 25.9149948935 0 0 -544 66.0025458053 0 0 6275 39.511458029 0 0 185 -6708 15.535761736 0 0 6998 2.12134635181 0 0 -1188 2.51729427103 0 0 2279 0.617321912292 0 0
67.88719 63.08847 14.076312 4231 -1953 25.1783974619 0 0 1565 23.2872265362 0 0 -630 59.0422671204 0 0 6266 35.4162015354 0 0 396 -6726 31.4102974768 0 0 6990 4.12105457854 0 0 -1173 5.8083641477 0 0 2252 1.39285621211 0 0
56.966125 47.02908 71.12097 1639 -1964 9.6870706816 0 0 1637 8.32151260959 0 0 -662 83.6499524516 0 0 6354 74.5477365859 0 0 1133 -6834 77.4846438882 0 0 6899 19.9441761227 0 0 -1216 21.115719398 0 0 2288 0.0929412283409 0 0
62.365746 43.33079 10.0 44 -2026 9.29623427981 0 0 1716 8.88246455308 0 0 -593 64.6568609736 0 0 6406 58.9702793865 0 0 482 -6829 38.1137489325 0 0 6993 9.78347154069 0 0 -1148 9.28407919266 0 0 2300 0.525786574639 0 0
48.135796 27.135635 17.918741 45 -1950 11.44758393 0 0 1654 8.88518524691 0 0 -653 64.2688416112 0 0 6375 61.4013082788 0 0 1126 -6794 76.8935450552 0 0 6977 20.440054232 0 0 -1141 21.7516563979 0 0 2200 1.4452563436 0 0
55.07722 89.795715 90.0 3677 -1928 21.6434064408 0 0 1719 10.7244344652 0 0 -606 26.7368256265 0 0 6420 11.7535234632 0 0 806 -6844 66.2152892899 0 0 10290 52.8875510442 0 0 -1211 67.4731447144 0 0 2269 10.5663483161 0 0
26.592289 46.922318 31.434223 89 -2061 22.1829673985 0 0 1631 19.7644910186 0 0 -651 35.0117565248 0 0 6476 15.9388537713 0 0 98 -6795 8.70929746459 0 0 7005 0.274171312114 0 0 -1154 2.0527760715 0 0 2244 2.054957968 0 0
47.196476 81.55226 22.047087 78 -2070 20.9886478588 0 7 1763 7.8877076813 0 0 -619 27.8522053162 0 0 6404 22.0354053566 0 0 492 -6788 49.4952984839 0 0 6966 25.7154783353 0 0 -1139 37.9948179463 0 0 2189 11.6352313471 0 0
49.030518 59.763237 22.352358 1686 -1929 9.94200719749 0 5 1748 4.16980418923 0 0 -659 15.8349540314 0 0 6444 14.1546187249 0 0 324 -6806 30.6769059753 0 0 7021 15.4618131069 0 0 -1233 23.307290509 0 0 2386 4.60468008829 0 1
68.16193 60.178684 10.0 3893 -2083 22.9334015711 0 0 1665 9.5539434439 0 0 -665 36.716174589 0 0 6495 13.6017206291 0 0 236 -6857 21.7250313034 0 0 6959 11.397792819 0 0 -1204 17.0206136601 0 0 2169 5.05303681651 0 0
11.542603 64.168846 26.092386 1 -1969 0.0329474899379 0 0 1891 0.00533222245366 0 0 -527 0.00666777796299 0 0 6630 0.00505316349089 0 0 0 -6745 0.00206377373535 0 0 7110 0.00109129352385 0 0 -1060 0.00136414791911 0 0 2328 0.00117110303267 0 0
41.858654 74.13776 10.0 1 -1910 0.000515543187727 0 0 1936 0.000356851786629 0 0 -543 0.000230764349216 0 0 6648 0.000356886112901 0 0 1 -6744 0.0101612716985 0 0 7102 0.00533930297068 0 0 -1063 0.00749625187406 0 0 2332 0.00564452708712 0 0
55.124237 56.665337 24.026417 1 -1918 0.000515535133768 0 0 1943 0.000355520826438 0 0 -522 0.000229878231585 0 0 6652 0.000352950259749 0 0 1 -6756 0.0085199767637 0 0 7104 0.00446734995405 0 0 -1062 0.00631628812801 0 0 2352 0.00518999574258 0 0
19.981354 90.0 10.0 1 -1922 0.000515565085698 0 0 1943 0.000354881117136 0 0 -557 0.00022987008509 0 0 6678 0.000355531195085 0 0 1 -6759 0.0105686663064 0 0 7111 0.00548477403874 0 0 -1058 0.00705851212447 0 0 2336 0.00548991014561 0 0
45.321632 50.1974 10.0 1 -1926 0.000514520088209 0 0 1938 0.000356178703389 0 0 -571 0.000230309939601 0 0 6670 0.000356221987524 0 0 1 -6798 0.0101585347083 0 0 7132 0.00533692834757 0 0 -1071 0.00666879697681 0 0 2328 0.00492475007535 0 0
22.571898 90.0 28.151878 1 -1956 0.000514526606288 0 0 1957 0.000356195553214 0 0 -514 0.000230321432753 0 0 6667 0.000355581730322 0 0 1 -6772 0.009428655613 0 0 7125 0.00505372877006 0 0 -1028 0.00666777796299 0 0 2341 0.00505329648638 0 0
41.41179 38.183727 58.82596 1727 -2090 10.1658068074 0 0 1823 8.96007437975 0 0 -674 39.881375128 0 0 6536 36.6088502117 0 0 391 -6864 42.0264180817 0 0 7112 3.78968662102 0 0 -1090 4.92830801925 0 0 2292 1.18274104626 0 0
36.82965 34.104935 38.140827 109 -2122 27.6239027684 0 39 1807 8.70160427807 0 0 -723 20.2515937455 0 0 6603 12.0493758059 0 0 266 -6908 25.8303312121 0 0 7120 14.1399017299 0 0 -1078 33.458275794 0 0 2267 19.3904319056 0 0
46.006355 53.291073 36.194386 90 -2093 27.571841063 0 18 1776 8.33606265575 0 0 -705 20.3296923205 0 0 6654 12.2989469113 0 0 239 -6912 25.6633353209 0 0 7249 13.9548315087 0 0 -1222 33.222062948 0 0 2245 18.9834606573 -1 0
29.319168 61.12774 51.440422 89 -2116 27.5723478486 0 16 1838 8.62856000799 0 0 -744 21.6106855452 0 0 6639 12.0416808003 0 0 130 -6862 13.0267420525 0 1 7088 6.83041081384 0 0 -1130 16.1734318364 0 0 2235 9.29548955967 0 0
29.877956 36.049458 46.65891 4771 -2053 27.852308078 0 50 1852 8.61148671838 0 0 -682 21.1167592681 0 0 6682 4.16207887243 0 0 77 -6853 8.02642853456 0 0 7154 4.36548754337 -1 0 -1047 10.8373041453 0 0 2287 6.45283110927 0 1
47.261272 45.454655 60.29972 4642 -2112 27.4932960058 0 1 1839 7.33388689557 0 0 -748 24.4768039834 0 0 6701 17.7714677082 0 0 158 -6910 13.6499690433 0 0 7250 7.97154865826 0 0 -1200 14.4829831127 0 0 2210 6.6644661899 0 0
21.458004 28.44425 10.0 104 -2141 27.6084466556 0 42 1768 11.3210925447 0 0 -774 22.7088496865 0 0 6776 5.31268065087 0 0 0 -6865 0.00274508172857 0 0 7145 0.0013309302648 0 0 -990 0.00186599076335 0 0 2348 0.00141229431625 0 0
