51 6 45 1 -977 7.66372942867e-06 0 0 2401 5.56943942997e-06 0 0 2117 3.48272610299e-06 0 0 593 5.56798681918e-06 0 0 1 394 0.00696294342608 0 0 3405 0.00342639933614 0 0 -848 0.00446374601285 0 0 4858 0.0040933147855 0 0
59 19 52 1 -1057 0.000515555017434 0 0 2227 0.000356826253492 0 0 1934 0.000230743937684 0 0 621 0.000356891585816 0 0 1 388 0.0110056174506 0 0 3354 0.0056493434845 0 0 -898 0.0075012892841 0 0 4807 0.00581796144085 0 0
68 86 65 1 -1053 0.000515557282759 0 0 2175 0.000354895056423 0 0 1912 0.000230910885716 0 0 595 0.000357082579531 0 0 1 396 0.0101586324326 0 0 3350 0.0053362979433 0 0 -904 0.00750281355508 0 0 4801 0.0056490526068 0 0
88 71 54 1 -1040 0.000514491009562 0 0 2185 0.000356157560766 0 0 1914 0.000230323532587 0 0 610 0.000353626653136 0 0 1 397 0.00880278754939 0 0 3349 0.00457412403738 0 0 -866 0.00600052504594 0 0 4812 0.004800120003 0 0
42 37 98 1 -1073 0.000514482236478 0 0 2173 0.000353532400922 0 0 1913 0.000230328063939 0 0 601 0.000354952957179 0 0 1 357 0.0110029799737 0 0 3349 0.00533414827265 0 0 -874 0.00750058598328 0 0 4813 0.0056478478611 0 0
40 14 74 1 -1041 0.000516567079121 0 0 2147 0.000356867871065 0 0 1888 0.000231283837307 0 0 616 0.00035765179245 0 0 1 372 0.00978801894575 0 0 3363 0.00519101305864 0 0 -902 0.00666703705761 0 0 4821 0.00518971517384 0 0
85 64 47 1 -1053 0.00051346783338 0 0 2170 0.000355484458664 0 0 1894 0.000229882415145 0 0 597 0.000355614166038 0 0 1 390 0.01015618989 0 0 3354 0.00533733633559 0 0 -897 0.00666629631687 0 0 4823 0.00492497114275 0 0
41 87 4 1 -1036 0.000515466433665 0 0 2151 0.000356147816183 0 0 1896 0.000230320880171 0 0 592 0.000355602310674 0 0 1 467 0.01057152296 0 0 3356 0.00549218722065 0 0 -941 0.007056540531 0 0 4827 0.00492017528124 0 0
31 36 98 1 -1095 0.000515558037872 0 0 2144 0.000352278226408 0 0 1880 0.000229078127573 0 0 575 0.000353055887184 0 0 1 440 0.0101602940328 0 0 3353 0.00505802236594 0 0 -921 0.00666638890046 0 0 4824 0.00533333333333 0 0
95 47 64 1 -1054 0.000513437126075 0 0 2200 0.000353524914991 0 0 1914 0.000229879772879 0 0 594 0.000355607085656 0 0 1 434 0.0110113554603 0 0 3350 0.00565275314103 0 0 -921 0.00750070319092 0 0 4828 0.00565013316069 0 0
24 12 90 1 -1044 0.000515415612407 0 0 2179 0.000356150954211 0 0 1896 0.000230770007399 0 0 588 0.000355614989357 0 0 1 442 0.0101562875691 0 0 3364 0.00505462682638 0 0 -930 0.00666731487784 0 0 4830 0.00505356249835 0 0
12 39 66 1 -1036 0.000515538657344 0 0 2171 0.000356844491074 0 0 1890 0.000230848140879 -2 0 581 0.000356998590134 0 0 1 400 0.0101647928538 0 0 3355 0.00533700252257 0 0 -958 0.00666750010418 0 0 4835 0.00468495507201 0 0
3 28 76 1 -1060 0.000511468568658 0 0 2180 0.000354173132555 0 0 1875 0.000229003263297 0 0 587 0.000354296490804 0 0 1 405 0.0110080266861 0 0 3362 0.00565021629734 0 0 -973 0.0075004687793 0 0 4846 0.00564726644362 0 0
98 65 69 1 -1059 0.000516506440434 0 0 2164 0.000356169453182 0 0 1832 0.000231218216527 0 0 590 0.000357598835569 0 0 1 432 0.011018019052 0 0 3306 0.00565308601082 0 0 -1067 0.00749648602218 0 0 4850 0.00564797246613 0 0
38 64 75 1 -933 0.00051354798926 0 0 2119 0.000354877017554 0 0 1813 0.000229519453208 0 0 584 0.000353061567869 0 0 1 443 0.0101642058252 0 0 3353 0.00533674291909 0 0 -1025 0.00750293083236 0 0 4841 0.00533663166818 0 0
90 22 28 1 -960 0.000515551241937 0 0 2175 0.000354881281121 0 0 1800 0.00023076312886 0 0 595 0.000356885615372 0 0 1 451 0.0110095186463 0 0 3367 0.00565079832242 0 0 -1038 0.00750187546887 0 0 4851 0.00548649807115 0 0
75 25 53 1 -982 0.000516567331812 0 0 2167 0.000356207117742 0 0 1798 0.000230319332957 0 0 587 0.000353580416065 0 0 1 447 0.00911657299733 0 0 3362 0.00446896166469 0 0 -1048 0.00600382743999 0 0 4808 0.00436398349869 0 0
90 76 27 1 -963 0.000515566847685 0 0 2153 0.000356860243213 0 0 1770 0.000230759135057 0 0 597 0.000356877986762 0 0 1 446 0.0110079119367 0 0 3378 0.00564631151759 0 0 -999 0.00749988281433 0 0 4849 0.00533355556482 0 0
49 84 74 1 -968 0.000515536140499 0 0 2178 0.000355524940908 0 0 1814 0.000230759356931 0 0 589 0.000355557366264 0 0 1 449 0.0101625429454 0 0 3365 0.00505615758358 0 0 -1014 0.00749964845398 0 0 4794 0.0056482216927 0 0
40 58 56 1 -958 0.000515574147472 0 0 2167 0.000356864388744 0 0 1800 0.000230771338777 0 0 594 0.000356207117742 0 0 1 459 0.00880660495372 0 0 3374 0.00481302524958 0 0 -1044 0.00600187558612 0 0 4857 0.00492629796405 0 0
9 82 32 1 -947 0.000515561310053 0 0 2177 0.000352923497858 0 0 1777 0.000230766235246 0 0 612 0.000355557530875 0 0 1 463 0.0094396967855 0 0 3371 0.00480213094561 0 0 -1071 0.00600037502344 0 0 4862 0.00492348721368 0 0
64 46 98 1 -918 0.000515553758929 0 0 2156 0.000355535309795 0 0 1773 0.000230318559357 0 0 600 0.000355558024709 0 0 1 463 0.00911720267645 0 0 3321 0.00492468691688 0 0 -1061 0.00571435374231 0 0 4874 0.00492399228062 0 0
74 86 74 1 -984 0.000515628021258 0 0 2188 0.000354269360959 0 0 1836 0.000229911704326 0 0 603 0.000355553086437 0 0 1 453 0.0110081414379 0 0 3375 0.00565005002648 0 0 -1034 0.00749988281433 0 0 4866 0.00518999574258 0 0
33 36 94 1 -994 0.000514539642941 0 0 2186 0.000356181841961 0 0 1859 0.000230318448844 0 0 614 0.000354871934205 0 0 1 469 0.0110120444236 0 0 3379 0.00533488934272 0 0 -1023 0.00749976563232 0 0 4880 0.0056463530294 0 0
76 77 95 1 -942 0.000513543743617 0 0 2165 0.000352906469676 0 0 1829 0.000228994195474 0 0 611 0.000352935175275 0 0 1 473 0.0105716287917 0 0 3372 0.00519034649618 0 0 -1028 0.00705457003865 0 0 4873 0.00457327966082 0 0
96 73 98 1 -960 0.000515577923305 0 0 2185 0.000356859745756 0 0 1796 0.000230765680528 0 0 587 0.00035687483591 0 0 1 479 0.0110028653295 0 0 3370 0.00565071516864 0 0 -1042 0.00749882830808 0 0 4891 0.00533377781482 0 0
88 47 34 1 -929 0.000511558509505 0 0 2196 0.000352904037213 0 0 1759 0.000228120293534 0 0 612 0.000351626616487 0 0 1 481 0.00942983435282 0 0 3374 0.00505203331184 0 0 -1058 0.00666574086932 0 0 4913 0.00457306180779 0 0
79 29 88 1 -947 0.000515496125969 0 0 2206 0.00035616383722 0 0 1776 0.000230748818374 0 0 606 0.000355552098799 0 0 1 496 0.010165673524 0 0 3286 0.00505396156883 0 0 -1097 0.00749859401362 0 0 4853 0.00518813753969 0 0
66 36 8 1 -1003 0.000513556730511 0 0 2196 0.000354230634585 0 0 1731 0.000228998128417 0 0 578 0.000354240111143 0 0 1 490 0.0097842099899 0 0 3382 0.00519146922635 0 0 -1106 0.00666712966178 0 0 4896 0.00533333333333 0 0
86 91 70 1 -960 0.000512499951468 0 0 2201 0.000354847175453 0 0 1755 0.000229425108475 0 0 611 0.0003535714631 0 0 1 495 0.00978647686833 0 0 3391 0.00492582401724 0 0 -1102 0.00750257901154 0 0 4905 0.00565225390984 0 0
77 33 97 1 -962 0.0005116162568 0 0 2212 0.000342231653398 0 0 1726 0.000225098480585 0 0 605 0.000347137471863 0 0 1 498 0.00911020239143 0 0 3378 0.00492497114275 0 0 -1120 0.00750222722371 0 0 4931 0.0056478893955 0 0
24 60 48 1 -967 0.0005155859786 0 0 2185 0.000354238967393 0 0 1713 0.000229882635336 0 0 600 0.000355554897121 0 0 1 455 0.00978647686833 0 0 3379 0.00519006588951 0 0 -1126 0.00631446011366 0 0 4916 0.00518904894462 0 0
17 35 8 1 -931 0.000515555017434 0 0 2209 0.000356842335626 0 0 1732 0.000230760022557 0 0 617 0.000356202657049 0 0 1 460 0.0110119295904 0 0 3390 0.00549042036031 0 0 -1129 0.0074995312793 0 0 4925 0.00533155614795 0 0
57 65 40 1 -957 0.000516557477047 0 0 2214 0.000356178538202 0 0 1730 0.000231207636018 0 0 630 0.000357550055844 0 0 1 463 0.0105611617278 0 0 3376 0.00548657646202 0 0 -1126 0.00750187546887 0 0 4891 0.00564818015341 0 0
99 37 2 1 -953 0.000515559044693 0 0 2181 0.000354212336459 0 0 1733 0.000230757692885 0 0 607 0.00035423259521 0 0 1 466 0.00978230662344 0 0 3383 0.00492257204389 0 0 -1107 0.00666546318026 0 0 4855 0.00533437057206 0 0
9 94 84 1 -967 0.000515558541282 0 0 2218 0.000354859800345 0 0 1728 0.000230320106561 0 0 619 0.000354880953151 0 0 1 468 0.0110211238207 0 0 3328 0.00533585304171 0 0 -1114 0.00749964845398 0 0 4905 0.00533533408361 0 0
33 26 70 1 -1001 0.000515516509953 0 0 2347 0.000354225569736 0 0 1707 0.000230766457134 0 0 606 0.000355547325293 0 0 1 516 0.0101701771113 0 0 3379 0.00533477816909 0 0 -1126 0.00666861167841 0 0 4909 0.00505479316813 0 0
74 85 33 1 -961 0.000513552984224 0 0 2216 0.000352906794007 0 0 1706 0.000229876470132 0 0 609 0.000355564115432 0 0 1 528 0.0109997708381 0 0 3387 0.00564921881896 0 0 -1130 0.007503634573 0 0 4902 0.00564876175906 0 0
65 58 23 1 -961 0.000514549922306 0 0 2217 0.000356193570799 0 0 1700 0.000230324748298 0 0 623 0.000353593927761 0 0 1 537 0.00880352140856 0 0 3403 0.00457325242805 0 0 -1122 0.00666241012686 0 0 4915 0.00504901090665 0 0
10 68 22 1 -918 0.000515571126845 0 0 2230 0.00035686554951 0 0 1723 0.000230780769808 0 0 627 0.000356866378633 0 0 1 530 0.0101603917909 0 0 3396 0.00533185226326 0 0 -1078 0.00666870432632 0 0 4921 0.00468366936222 0 0
44 56 2 1 -938 0.000513577211178 0 0 2205 0.000354226223257 0 0 1722 0.000229878561861 0 0 616 0.000352935337467 0 0 1 541 0.0101517962719 0 0 3395 0.00505599115202 0 0 -1082 0.00750187546887 0 0 4914 0.00548579265418 0 0
15 39 7 1 -948 0.000515514496648 0 0 2208 0.000355521320169 0 0 1728 0.000230757914756 0 0 602 0.000354314797625 0 0 1 553 0.00675610832806 0 0 3423 0.00362565148425 0 0 -1086 0.00480273756041 0 0 4926 0.00319952007199 0 0
29 19 45 1 -939 0.000516583251843 0 0 2217 0.000354902928504 0 0 1634 0.00023033049547 0 0 603 0.000356210091599 0 0 1 570 0.0101480890649 0 0 3428 0.00533692834757 0 0 -1109 0.00666638890046 0 0 4932 0.00518968010487 0 0
15 35 69 1 -903 0.000515572888873 0 0 2216 0.000356857258491 0 0 1718 0.000230763461683 0 0 616 0.000356871187624 0 0 1 520 0.0109948461659 0 0 3417 0.00564913571166 0 0 -1107 0.00750293083236 0 0 4930 0.0056486371192 0 0
34 3 95 1 -932 0.000515604355685 0 0 2215 0.000356222152751 0 0 1708 0.000230343206579 0 0 641 0.000352941987459 0 0 1 522 0.0101599030191 0 0 3436 0.0049292701086 0 0 -1126 0.00750140651372 0 0 4894 0.00548681164804 0 0
24 28 24 1 -968 0.000515579433654 0 0 2218 0.000355551769588 0 0 1712 0.000230773668724 0 0 638 0.000356855102889 0 0 1 519 0.0110056174506 0 0 3433 0.00565017472871 0 0 -1116 0.00750469043152 0 0 4943 0.0056490526068 0 0
90 79 70 1 -922 0.000511538437318 0 0 2240 0.000353549977834 0 0 1739 0.00022855793277 0 0 560 0.000352296325247 0 0 1 539 0.0101418514641 0 0 3441 0.00518785717181 0 0 -1105 0.00666805584497 0 0 4958 0.00480372288524 0 0
2 94 50 1 -923 0.000513523015897 0 0 2255 0.000352923011316 0 0 1706 0.000229882965624 0 0 618 0.000352952368434 0 0 1 532 0.0110118147596 0 0 3422 0.00506052199812 0 0 -1130 0.00750962170281 0 0 4940 0.00518579039413 0 0
23 10 61 1 -921 0.000515570623411 0 0 2222 0.000355527903385 0 0 1698 0.000230763683565 -1 0 599 0.000354236353137 0 0 1 478 0.00978520728701 0 0 3422 0.00468358367332 0 0 -1172 0.00750058598328 0 0 4958 0.00519055697109 0 0
46 57 28 2 -918 0.000516591338583 -1 0 2215 0.000357525754191 0 0 1665 0.000231208192862 0 0 571 0.000356212074198 -1 0 1 494 0.0101709607513 0 0 3426 0.00505915522648 0 0 -1227 0.00666703705761 0 0 4969 0.00479853045005 0 0
56 30 48 1 -904 0.000513474574499 0 0 2231 0.000353544606926 0 0 1749 0.000228553253146 0 0 631 0.000350988640856 0 0 1 570 0.00852197070573 0 0 3436 0.00468349798756 0 0 -1233 0.00571496606739 0 0 4954 0.00492345565043 0 0
71 4 43 1 -908 0.000513538748833 0 0 2218 0.000352920740803 0 0 1634 0.000229876800402 0 0 602 0.000355566913943 0 0 1 566 0.0109955330647 0 0 3433 0.00564942659791 0 0 -1238 0.00749274140676 0 0 4969 0.00479937008268 0 0
11 16 55 1 -912 0.00051551273502 0 0 2252 0.00035551654749 0 0 1689 0.000230760910063 0 0 636 0.00035554469169 0 0 1 569 0.0105815864363 0 0 3416 0.00519174998479 0 0 -1238 0.00706412162063 0 0 4962 0.00548602777302 0 0
24 50 89 1 -889 0.000515500403955 0 0 2259 0.000355501407425 0 0 1694 0.000230755917928 0 0 644 0.000356872514264 0 0 1 554 0.011018019052 0 0 3433 0.00565133888165 0 0 -1254 0.00749239054086 0 0 4966 0.00564390487669 0 0
2 88 50 1 -849 0.000514582016625 0 0 2222 0.000354240601323 0 0 1650 0.000230333811276 0 0 548 0.000356212569851 0 0 1 549 0.0110061909824 0 0 3429 0.00565221231122 0 0 -1222 0.00751514771962 0 0 4962 0.00565083990023 0 0
69 59 73 1 -859 0.0005166264683 0 0 2218 0.000357562707327 0 0 1624 0.000231230914417 0 0 596 0.000353593927761 0 0 1 584 0.0110142267095 0 0 3420 0.00505619087121 0 0 -1256 0.00751161953647 0 0 4982 0.005647391023 0 0
13 19 23 1 -882 0.000512609414926 0 0 2222 0.000352951070779 0 0 1677 0.000228599949137 0 0 587 0.000353586113642 0 0 1 593 0.0109980524282 0 0 3433 0.00564946815554 0 0 -1219 0.00750058598328 0 0 4971 0.00492317159945 0 0
11 48 18 1 -885 0.000513555981249 0 0 2234 0.00035551654749 0 0 1658 0.000229879993065 0 0 589 0.000352936959393 0 0 1 540 0.0109939304342 0 0 3429 0.00533544528042 0 0 -1186 0.00749063670412 0 0 4975 0.00564614547647 0 0
43 46 76 1 -900 0.000516557224366 0 0 2237 0.00035552197848 0 0 1691 0.000230323422069 0 0 561 0.000354902764498 0 0 1 520 0.0101460415065 0 0 3440 0.00505725630675 0 0 -1194 0.00666490787153 0 0 4974 0.0048006900992 0 0
71 37 39 1 -900 0.000515564582276 0 0 2243 0.000356856097779 0 0 1682 0.000230765569585 0 0 640 0.000356879976803 0 0 1 574 0.0109933581794 0 0 3438 0.00564585492799 0 0 -1194 0.00749519838853 0 0 4981 0.00564759866752 0 0
51 65 29 1 -886 0.000515602089946 0 0 2239 0.000356911820473 0 0 1589 0.000230770784034 0 0 596 0.000356882298545 0 0 1 568 0.0105805262209 0 0 3412 0.00549454480415 0 0 -1276 0.00751750168361 0 0 4932 0.00533678000375 0 0
59 61 31 1 -884 0.000515522549962 0 0 2211 0.000356845320099 0 0 1622 0.000230755585126 0 0 604 0.000356863227986 0 0 1 570 0.0101676311153 0 0 3381 0.00533763309333 0 0 -1243 0.00706017326842 0 0 4933 0.00548587102489 0 0
65 7 24 1 -876 0.000515523808315 0 0 2264 0.000354208905771 0 0 1697 0.000230771005931 0 0 624 0.000356885117844 0 0 1 627 0.0101642058252 0 0 3367 0.00533503758145 0 0 -1292 0.006666851857 0 0 5020 0.00492254049238 0 0
56 82 83 1 -879 0.000513522766176 0 0 2264 0.000354876197649 0 0 1582 0.00022942982387 0 0 624 0.000352924146583 0 0 1 624 0.00910988802429 0 0 3369 0.00480267148601 0 0 -1250 0.00631163708087 0 0 4981 0.00505120262031 0 0
30 76 6 1 -864 0.000515522801632 0 0 2249 0.000356852947313 0 0 1629 0.000230760910063 0 0 639 0.000356871685113 0 0 1 626 0.0110242303396 0 0 3365 0.00565233710892 0 0 -1303 0.00750152374701 0 0 4940 0.00564585492799 0 0
48 32 91 1 -886 0.000513501041347 0 0 2250 0.000350969874172 0 0 1580 0.000228994741708 0 0 635 0.000351645775489 0 0 1 658 0.00816370706516 0 0 3372 0.00414147896096 0 0 -1321 0.0049217139869 0 0 4947 0.00457202728929 0 0
76 56 20 1 -891 0.000515490589856 0 0 2266 0.000354271485435 0 0 1631 0.000230763572624 0 0 627 0.000356891088272 0 0 1 646 0.0109969071199 0 0 3383 0.00564975907603 0 0 -1266 0.00748935107893 0 0 4961 0.0056434072071 0 0
20 94 53 1 -885 0.000515509211798 0 0 2254 0.000352921876055 0 0 1573 0.000228993758489 0 0 636 0.000354237333478 0 0 1 653 0.0110080266861 0 0 3416 0.00565204592287 0 0 -1314 0.00750058598328 0 0 4998 0.00564747407898 0 0
34 39 79 1 -886 0.000515560303224 0 0 2302 0.000352930147403 0 0 1553 0.000229443203486 0 0 623 0.000353588555517 0 0 1 646 0.0110065351302 0 0 3421 0.00565171317556 0 0 -1324 0.00749917977721 0 0 5002 0.00564747407898 0 0
18 37 51 1 -887 0.000520792492303 0 0 2290 0.000360325362542 0 0 1617 0.000233087102708 0 0 555 0.000371631364913 0 0 1 651 0.264860797592 0 0 3524 0.0761300555115 0 0 -1292 0.193626462283 0 0 5120 0.0737539613944 0 0
66 27 83 1 -876 0.000515538657344 0 0 2297 0.000356187788881 0 0 1615 0.000230762463216 0 0 617 0.000356877157585 0 0 1 652 0.00852045797462 0 0 3420 0.00468449784989 0 0 -1278 0.00545491738073 0 0 5010 0.00457145578247 0 0
50 27 41 1 -884 0.000512515124292 0 0 2305 0.000353563487204 0 0 1606 0.000229421928435 0 0 611 0.000354873246023 0 0 1 666 0.0110130780302 0 0 3425 0.00565250351441 0 0 -1336 0.00750117205813 0 0 4969 0.00564901105529 0 0
5 80 32 1 -881 0.000517644267604 0 0 2292 0.000356915137849 0 0 1599 0.000231695902989 0 0 615 0.000356868534372 0 0 1 663 0.00911122423448 0 0 3419 0.00480054006076 0 0 -1340 0.00571088637716 0 0 5006 0.00468129979215 0 0
57 29 98 1 -879 0.00051555577254 0 0 2287 0.000356864388744 0 0 1539 0.000230774001578 0 0 610 0.000356879479291 0 0 1 665 0.00910431161576 0 0 3429 0.00492320315906 0 0 -1335 0.00666481532908 0 0 5014 0.00505176746083 0 0
62 40 41 1 -882 0.000514512316869 0 0 2300 0.000356170609432 0 0 1637 0.000230314249399 0 0 624 0.000352934364318 0 0 1 655 0.0101566783045 0 0 3430 0.00468172785018 0 0 -1293 0.00665871320367 0 0 5024 0.00492225654699 0 0
